time_s temp_c
0 -9.1393
300 -9.1664
600 -9.1963
900 -9.2267
1200 -9.2571
1500 -9.2875
1800 -9.3178
2100 -9.348
2400 -9.3782
2700 -9.4082
3000 -9.4383
3300 -9.4682
3600 -9.4981
3900 -9.5254
4200 -9.5502
4500 -9.5725
4800 -9.592
5100 -9.6084
5400 -9.6216
5700 -9.6312
6000 -9.6368
6300 -9.638
6600 -9.6346
6900 -9.6261
7200 -9.612
7500 -9.5977
7800 -9.591
8100 -9.5875
8400 -9.5843
8700 -9.5801
9000 -9.5741
9300 -9.5661
9600 -9.5559
9900 -9.5434
10200 -9.5284
10500 -9.5111
10800 -9.4912
11100 -9.4694
11400 -9.4464
11700 -9.4221
12000 -9.3964
12300 -9.3692
12600 -9.3636
12900 -9.3368
13200 -9.3041
13500 -9.2684
13800 -9.2304
14100 -9.1904
14400 -9.1484
14700 -9.107
15000 -9.0644
15300 -9.0202
15600 -8.9743
15900 -8.9267
16200 -8.8773
16500 -8.8263
16800 -8.7736
17100 -8.7192
17400 -8.6632
17700 -8.6056
18000 -8.5464
18300 -8.4887
18600 -8.4314
18900 -8.3742
19200 -8.317
19500 -8.2597
19800 -8.2022
20100 -8.1445
20400 -8.0866
20700 -8.0285
21000 -7.9702
21300 -7.9117
21600 -7.8531
21900 -7.7951
22200 -7.7375
22500 -7.6801
22800 -7.6229
23100 -7.5659
23400 -7.5091
23700 -7.4526
24000 -7.3963
24300 -7.3402
24600 -7.2845
24900 -7.2291
25200 -7.174
25500 -7.1196
25800 -7.0657
26100 -7.012
26400 -6.9587
26700 -6.9058
27000 -6.8533
27300 -6.8013
27600 -6.7497
27900 -6.6986
28200 -6.6481
28500 -6.598
28800 -6.5484
29100 -6.5006
29400 -6.454
29700 -6.4084
30000 -6.3639
30300 -6.3203
30600 -6.2776
30900 -6.2358
31200 -6.1949
31500 -6.1548
31800 -6.1155
32100 -6.077
32400 -6.0393
32700 -6.0039
33000 -5.9701
33300 -5.9378
33600 -5.9068
33900 -5.877
34200 -5.8485
34500 -5.821
34800 -5.7947
35100 -5.7694
35400 -5.7451
35700 -5.7219
36000 -5.6996
36300 -5.6814
36600 -5.6666
36900 -5.6545
37200 -5.6448
37500 -5.6374
37800 -5.632
38100 -5.6286
38400 -5.6269
38700 -5.627
39000 -5.6286
39300 -5.6318
39600 -5.6364
39900 -5.6407
40200 -5.6448
40500 -5.6489
40800 -5.6532
41100 -5.6576
41400 -5.632
41700 -5.6283
42000 -5.6295
42300 -5.6324
42600 -5.6365
42900 -5.6414
43200 -5.6468
43500 -5.651
43800 -5.6545
44100 -5.6576
44400 -5.6604
44700 -5.6631
45000 -5.6658
45300 -5.6685
45600 -5.6714
45900 -5.6744
46200 -5.6776
46500 -5.6811
46800 -5.6848
47100 -5.6889
47400 -5.6934
47700 -5.6983
48000 -5.7036
48300 -5.7093
48600 -5.7156
48900 -5.7223
49200 -5.7295
49500 -5.7372
49800 -5.7455
50100 -5.7543
50400 -5.7636
50700 -5.7736
51000 -5.7841
51300 -5.7951
51600 -5.8066
51900 -5.8187
52200 -5.8312
52500 -5.8442
52800 -5.8577
53100 -5.8717
53400 -5.8861
53700 -5.901
54000 -5.9162
54300 -5.9319
54600 -5.9481
54900 -5.9646
55200 -5.9814
55500 -5.9987
55800 -6.0163
56100 -6.0343
56400 -6.0526
56700 -6.0713
57000 -6.0902
57300 -6.1095
57600 -6.1291
57900 -6.149
58200 -6.1692
58500 -6.1897
58800 -6.2104
59100 -6.2314
59400 -6.2527
59700 -6.2742
60000 -6.2959
60300 -6.3179
60600 -6.3402
60900 -6.3626
61200 -6.3853
61500 -6.4082
61800 -6.4314
62100 -6.4547
62400 -6.4783
62700 -6.5021
63000 -6.526
63300 -6.5503
63600 -6.5747
63900 -6.5993
64200 -6.6242
64500 -6.6492
64800 -6.6745
65100 -6.7
65400 -6.7258
65700 -6.7517
66000 -6.7778
66300 -6.8041
66600 -6.8305
66900 -6.8571
67200 -6.8838
67500 -6.9106
67800 -6.9375
68100 -6.9646
68400 -6.9917
68700 -7.0189
69000 -7.0462
69300 -7.0736
69600 -7.1011
69900 -7.1286
70200 -7.1562
70500 -7.1839
70800 -7.2116
71100 -7.2393
71400 -7.2671
71700 -7.2949
72000 -7.3228
72300 -7.3507
72600 -7.3786
72900 -7.4066
73200 -7.4346
73500 -7.4626
73800 -7.4906
74100 -7.5186
74400 -7.5466
74700 -7.5746
75000 -7.6026
75300 -7.6305
75600 -7.6585
75900 -7.6864
76200 -7.7144
76500 -7.7423
76800 -7.7703
77100 -7.7982
77400 -7.8262
77700 -7.8543
78000 -7.8824
78300 -7.9106
78600 -7.9388
78900 -7.9672
79200 -7.9956
79500 -8.0241
79800 -8.0526
80100 -8.0813
80400 -8.11
80700 -8.1388
81000 -8.1677
81300 -8.1966
81600 -8.2256
81900 -8.2546
82200 -8.2837
82500 -8.3129
82800 -8.3421
83100 -8.3713
83400 -8.4006
83700 -8.4299
84000 -8.4593
84300 -8.4888
84600 -8.5183
84900 -8.5479
85200 -8.5776
85500 -8.6073
85800 -8.6371
86100 -8.667
86400 -8.697
86700 -8.727
87000 -8.7571
87300 -8.7872
87600 -8.8174
87900 -8.8477
88200 -8.8781
88500 -8.9085
88800 -8.9389
89100 -8.9695
89400 -9
89700 -9.0306
90000 -9.0613
90300 -9.0896
90600 -9.1155
90900 -9.1389
91200 -9.1597
91500 -9.1775
91800 -9.1921
92100 -9.2032
92400 -9.2104
92700 -9.2134
93000 -9.2118
93300 -9.2052
93600 -9.1932
93900 -9.1801
94200 -9.1748
94500 -9.1725
94800 -9.1703
95100 -9.1667
95400 -9.1612
95700 -9.1534
96000 -9.1432
96300 -9.1303
96600 -9.1149
96900 -9.0967
97200 -9.0758
97500 -9.0528
97800 -9.0286
98100 -9.003
98400 -8.9761
98700 -8.9475
99000 -8.9523
99300 -8.927
99600 -8.8937
99900 -8.8568
100200 -8.8175
100500 -8.7759
100800 -8.7322
101100 -8.6888
101400 -8.6447
101700 -8.5995
102000 -8.5531
102300 -8.5054
102600 -8.4564
102900 -8.4062
103200 -8.3547
103500 -8.3019
103800 -8.2478
104100 -8.1924
104400 -8.1358
104700 -8.0795
105000 -8.0222
105300 -7.9635
105600 -7.9035
105900 -7.8422
106200 -7.7796
106500 -7.7158
106800 -7.6508
107100 -7.5846
107400 -7.5173
107700 -7.449
108000 -7.3796
108300 -7.3119
108600 -7.2454
108900 -7.1799
109200 -7.1151
109500 -7.051
109800 -6.9875
110100 -6.9245
110400 -6.862
110700 -6.8
111000 -6.7386
111300 -6.6778
111600 -6.6174
111900 -6.558
112200 -6.499
112500 -6.4404
112800 -6.3821
113100 -6.3243
113400 -6.267
113700 -6.2101
114000 -6.1538
114300 -6.098
114600 -6.0428
114900 -5.9881
115200 -5.9339
115500 -5.8811
115800 -5.829
116100 -5.7776
116400 -5.727
116700 -5.6769
117000 -5.6276
117300 -5.5789
117600 -5.531
117900 -5.4836
118200 -5.437
118500 -5.391
118800 -5.3456
119100 -5.3026
119400 -5.2613
119700 -5.2217
120000 -5.1836
120300 -5.147
120600 -5.1118
120900 -5.0779
121200 -5.0453
121500 -5.014
121800 -4.9839
122100 -4.955
122400 -4.9273
122700 -4.905
123000 -4.8869
123300 -4.8721
123600 -4.8603
123900 -4.8511
124200 -4.8443
124500 -4.8398
124800 -4.8374
125100 -4.8369
125400 -4.8383
125700 -4.8413
126000 -4.8458
126300 -4.8505
126600 -4.8553
126900 -4.8602
127200 -4.8654
127500 -4.871
127800 -4.845
128100 -4.8418
128400 -4.8439
128700 -4.8476
129000 -4.8525
129300 -4.8582
129600 -4.8645
129900 -4.8689
130200 -4.872
130500 -4.8743
130800 -4.876
131100 -4.8773
131400 -4.8784
131700 -4.8793
132000 -4.8803
132300 -4.8812
132600 -4.8824
132900 -4.8838
133200 -4.8854
133500 -4.8874
133800 -4.8898
134100 -4.8927
134400 -4.896
134700 -4.8999
135000 -4.9044
135300 -4.9095
135600 -4.9152
135900 -4.9215
136200 -4.9286
136500 -4.9363
136800 -4.9447
137100 -4.9539
137400 -4.9637
137700 -4.9743
138000 -4.9855
138300 -4.9974
138600 -5.0099
138900 -5.0231
139200 -5.0368
139500 -5.0512
139800 -5.0662
140100 -5.0817
140400 -5.0977
140700 -5.1142
141000 -5.1311
141300 -5.1485
141600 -5.1663
141900 -5.1846
142200 -5.2033
142500 -5.2224
142800 -5.2419
143100 -5.2618
143400 -5.282
143700 -5.3025
144000 -5.3234
144300 -5.3447
144600 -5.3663
144900 -5.3882
145200 -5.4104
145500 -5.4329
145800 -5.4556
146100 -5.4786
146400 -5.5018
146700 -5.5252
147000 -5.5489
147300 -5.5728
147600 -5.5969
147900 -5.6212
148200 -5.6458
148500 -5.6705
148800 -5.6955
149100 -5.7206
149400 -5.746
149700 -5.7716
150000 -5.7974
150300 -5.8234
150600 -5.8495
150900 -5.8759
151200 -5.9025
151500 -5.9293
151800 -5.9561
152100 -5.9832
152400 -6.0104
152700 -6.0378
153000 -6.0653
153300 -6.0929
153600 -6.1207
153900 -6.1485
154200 -6.1765
154500 -6.2045
154800 -6.2327
155100 -6.2609
155400 -6.2892
155700 -6.3175
156000 -6.346
156300 -6.3745
156600 -6.4032
156900 -6.432
157200 -6.461
157500 -6.49
157800 -6.5192
158100 -6.5486
158400 -6.5781
158700 -6.6078
159000 -6.6377
159300 -6.6677
159600 -6.6979
159900 -6.7282
160200 -6.7586
160500 -6.7891
160800 -6.8198
161100 -6.8505
161400 -6.8814
161700 -6.9123
162000 -6.9433
162300 -6.9745
162600 -7.0058
162900 -7.0372
163200 -7.0686
163500 -7.1002
163800 -7.1318
164100 -7.1634
164400 -7.1951
164700 -7.2268
165000 -7.2586
165300 -7.2904
165600 -7.3223
165900 -7.3542
166200 -7.3861
166500 -7.4181
166800 -7.4501
167100 -7.4822
167400 -7.5143
167700 -7.5465
168000 -7.5788
168300 -7.6111
168600 -7.6435
168900 -7.676
169200 -7.7085
169500 -7.7411
169800 -7.7737
170100 -7.8063
170400 -7.839
170700 -7.8718
171000 -7.9047
171300 -7.9376
171600 -7.9705
171900 -8.0036
172200 -8.0366
172500 -8.0698
172800 -8.1029
173100 -8.1361
173400 -8.1693
173700 -8.2025
174000 -8.2357
174300 -8.269
174600 -8.3023
174900 -8.3356
175200 -8.369
175500 -8.4023
175800 -8.4357
176100 -8.4691
176400 -8.5025
176700 -8.5336
177000 -8.5627
177300 -8.5896
177600 -8.6141
177900 -8.636
178200 -8.655
178500 -8.6708
178800 -8.6832
179100 -8.6918
179400 -8.6963
179700 -8.6964
180000 -8.6915
180300 -8.6846
180600 -8.6846
180900 -8.6872
181200 -8.6897
181500 -8.6907
181800 -8.6897
182100 -8.6865
182400 -8.6808
182700 -8.6726
183000 -8.6618
183300 -8.6483
183600 -8.6321
183900 -8.6146
184200 -8.5961
184500 -8.5766
184800 -8.556
185100 -8.534
185400 -8.5497
185700 -8.5328
186000 -8.5075
186300 -8.4789
186600 -8.4479
186900 -8.4149
187200 -8.38
187500 -8.3459
187800 -8.3113
188100 -8.2759
188400 -8.2397
188700 -8.2025
189000 -8.1643
189300 -8.1253
189600 -8.0852
189900 -8.0443
190200 -8.0024
190500 -7.9596
190800 -7.916
191100 -7.8718
191400 -7.8261
191700 -7.7789
192000 -7.7303
192300 -7.6802
192600 -7.6288
192900 -7.5761
193200 -7.5222
193500 -7.4671
193800 -7.4109
194100 -7.3535
194400 -7.2951
194700 -7.2375
195000 -7.1801
195300 -7.1229
195600 -7.0656
195900 -7.0084
196200 -6.9512
196500 -6.8939
196800 -6.8367
197100 -6.7794
197400 -6.7222
197700 -6.665
198000 -6.6079
198300 -6.5527
198600 -6.4988
198900 -6.446
199200 -6.3942
199500 -6.3434
199800 -6.2936
200100 -6.2446
200400 -6.1965
200700 -6.1493
201000 -6.1029
201300 -6.0574
201600 -6.0127
201900 -5.97
202200 -5.9285
202500 -5.8882
202800 -5.8489
203100 -5.8107
203400 -5.7734
203700 -5.7371
204000 -5.7016
204300 -5.6671
204600 -5.6333
204900 -5.6004
205200 -5.5683
205500 -5.5396
205800 -5.5138
206100 -5.4903
206400 -5.469
206700 -5.4497
207000 -5.4322
207300 -5.4163
207600 -5.4021
207900 -5.3893
208200 -5.378
208500 -5.3681
208800 -5.3594
209100 -5.3539
209400 -5.3505
209700 -5.3491
210000 -5.3493
210300 -5.3511
210600 -5.3544
210900 -5.3591
211200 -5.3651
211500 -5.3724
211800 -5.3809
212100 -5.3905
212400 -5.4011
212700 -5.4114
213000 -5.4209
213300 -5.4299
213600 -5.4384
213900 -5.4468
214200 -5.4175
214500 -5.4148
214800 -5.4179
215100 -5.4226
215400 -5.4281
215700 -5.4342
216000 -5.4408
216300 -5.4464
216600 -5.4517
216900 -5.457
217200 -5.4623
217500 -5.4678
217800 -5.4735
218100 -5.4794
218400 -5.4857
218700 -5.4923
219000 -5.4994
219300 -5.5068
219600 -5.5147
219900 -5.523
220200 -5.5318
220500 -5.5411
220800 -5.5509
221100 -5.5612
221400 -5.572
221700 -5.5833
222000 -5.5951
222300 -5.6074
222600 -5.6201
222900 -5.6334
223200 -5.6472
223500 -5.6612
223800 -5.6756
224100 -5.6905
224400 -5.7058
224700 -5.7215
225000 -5.7377
225300 -5.7544
225600 -5.7714
225900 -5.7889
226200 -5.8068
226500 -5.8251
226800 -5.8438
227100 -5.8628
227400 -5.8821
227700 -5.9018
228000 -5.9218
228300 -5.9422
228600 -5.9629
228900 -5.9839
229200 -6.0053
229500 -6.0269
229800 -6.0488
230100 -6.071
230400 -6.0934
230700 -6.1162
231000 -6.1393
231300 -6.1626
231600 -6.1861
231900 -6.2099
232200 -6.2339
232500 -6.2581
232800 -6.2825
233100 -6.3072
233400 -6.3321
233700 -6.3571
234000 -6.3824
234300 -6.4079
234600 -6.4336
234900 -6.4595
235200 -6.4857
235500 -6.5119
235800 -6.5384
236100 -6.5651
236400 -6.5919
236700 -6.619
237000 -6.6462
237300 -6.6735
237600 -6.7011
237900 -6.7289
238200 -6.7569
238500 -6.7851
238800 -6.8134
239100 -6.8419
239400 -6.8705
239700 -6.8992
240000 -6.9281
240300 -6.9571
240600 -6.9862
240900 -7.0154
241200 -7.0447
241500 -7.0742
241800 -7.1038
242100 -7.1334
242400 -7.1631
242700 -7.1929
243000 -7.2228
243300 -7.2527
243600 -7.2826
243900 -7.3126
244200 -7.3426
244500 -7.3726
244800 -7.4027
245100 -7.4327
245400 -7.4627
245700 -7.4928
246000 -7.5228
246300 -7.553
246600 -7.5832
246900 -7.6135
247200 -7.6438
247500 -7.6742
247800 -7.7048
248100 -7.7354
248400 -7.7662
248700 -7.797
249000 -7.8279
249300 -7.859
249600 -7.8901
249900 -7.9213
250200 -7.9526
250500 -7.984
250800 -8.0154
251100 -8.0469
251400 -8.0784
251700 -8.11
252000 -8.1416
252300 -8.1733
252600 -8.205
252900 -8.2367
253200 -8.2684
253500 -8.3002
253800 -8.332
254100 -8.3639
254400 -8.3958
254700 -8.4277
255000 -8.4597
255300 -8.4916
255600 -8.5237
255900 -8.5558
256200 -8.5879
256500 -8.62
256800 -8.6521
257100 -8.6842
257400 -8.7164
257700 -8.7485
258000 -8.7805
258300 -8.8126
258600 -8.8446
258900 -8.8765
259200 -9.1393
259500 -9.1664
259800 -9.1963
260100 -9.2267
260400 -9.2571
260700 -9.2875
261000 -9.3178
261300 -9.348
261600 -9.3782
261900 -9.4082
262200 -9.4383
262500 -9.4682
262800 -9.4981
263100 -9.5254
263400 -9.5502
263700 -9.5725
264000 -9.592
264300 -9.6084
264600 -9.6216
264900 -9.6312
265200 -9.6368
265500 -9.638
265800 -9.6346
266100 -9.6261
266400 -9.612
266700 -9.5977
267000 -9.591
267300 -9.5875
267600 -9.5843
267900 -9.5801
268200 -9.5741
268500 -9.5661
268800 -9.5559
269100 -9.5434
269400 -9.5284
269700 -9.5111
270000 -9.4912
270300 -9.4694
270600 -9.4464
270900 -9.4221
271200 -9.3964
271500 -9.3692
271800 -9.3636
272100 -9.3368
272400 -9.3041
272700 -9.2684
273000 -9.2304
273300 -9.1904
273600 -9.1484
273900 -9.107
274200 -9.0644
274500 -9.0202
274800 -8.9743
275100 -8.9267
275400 -8.8773
275700 -8.8263
276000 -8.7736
276300 -8.7192
276600 -8.6632
276900 -8.6056
277200 -8.5464
277500 -8.4887
277800 -8.4314
278100 -8.3742
278400 -8.317
278700 -8.2597
279000 -8.2022
279300 -8.1445
279600 -8.0866
279900 -8.0285
280200 -7.9702
280500 -7.9117
280800 -7.8531
281100 -7.7951
281400 -7.7375
281700 -7.6801
282000 -7.6229
282300 -7.5659
282600 -7.5091
282900 -7.4526
283200 -7.3963
283500 -7.3402
283800 -7.2845
284100 -7.2291
284400 -7.174
284700 -7.1196
285000 -7.0657
285300 -7.012
285600 -6.9587
285900 -6.9058
286200 -6.8533
286500 -6.8013
286800 -6.7497
287100 -6.6986
287400 -6.6481
287700 -6.598
288000 -6.5484
288300 -6.5006
288600 -6.454
288900 -6.4084
289200 -6.3639
289500 -6.3203
289800 -6.2776
290100 -6.2358
290400 -6.1949
290700 -6.1548
291000 -6.1155
291300 -6.077
291600 -6.0393
291900 -6.0039
292200 -5.9701
292500 -5.9378
292800 -5.9068
293100 -5.877
293400 -5.8485
293700 -5.821
294000 -5.7947
294300 -5.7694
294600 -5.7451
294900 -5.7219
295200 -5.6996
295500 -5.6814
295800 -5.6666
296100 -5.6545
296400 -5.6448
296700 -5.6374
297000 -5.632
297300 -5.6286
297600 -5.6269
297900 -5.627
298200 -5.6286
298500 -5.6318
298800 -5.6364
299100 -5.6407
299400 -5.6448
299700 -5.6489
300000 -5.6532
300300 -5.6576
300600 -5.632
300900 -5.6283
301200 -5.6295
301500 -5.6324
301800 -5.6365
302100 -5.6414
302400 -5.6468
302700 -5.651
303000 -5.6545
303300 -5.6576
303600 -5.6604
303900 -5.6631
304200 -5.6658
304500 -5.6685
304800 -5.6714
305100 -5.6744
305400 -5.6776
305700 -5.6811
306000 -5.6848
306300 -5.6889
306600 -5.6934
306900 -5.6983
307200 -5.7036
307500 -5.7093
307800 -5.7156
308100 -5.7223
308400 -5.7295
308700 -5.7372
309000 -5.7455
309300 -5.7543
309600 -5.7636
309900 -5.7736
310200 -5.7841
310500 -5.7951
310800 -5.8066
311100 -5.8187
311400 -5.8312
311700 -5.8442
312000 -5.8577
312300 -5.8717
312600 -5.8861
312900 -5.901
313200 -5.9162
313500 -5.9319
313800 -5.9481
314100 -5.9646
314400 -5.9814
314700 -5.9987
315000 -6.0163
315300 -6.0343
315600 -6.0526
315900 -6.0713
316200 -6.0902
316500 -6.1095
316800 -6.1291
317100 -6.149
317400 -6.1692
317700 -6.1897
318000 -6.2104
318300 -6.2314
318600 -6.2527
318900 -6.2742
319200 -6.2959
319500 -6.3179
319800 -6.3402
320100 -6.3626
320400 -6.3853
320700 -6.4082
321000 -6.4314
321300 -6.4547
321600 -6.4783
321900 -6.5021
322200 -6.526
322500 -6.5503
322800 -6.5747
323100 -6.5993
323400 -6.6242
323700 -6.6492
324000 -6.6745
324300 -6.7
324600 -6.7258
324900 -6.7517
325200 -6.7778
325500 -6.8041
325800 -6.8305
326100 -6.8571
326400 -6.8838
326700 -6.9106
327000 -6.9375
327300 -6.9646
327600 -6.9917
327900 -7.0189
328200 -7.0462
328500 -7.0736
328800 -7.1011
329100 -7.1286
329400 -7.1562
329700 -7.1839
330000 -7.2116
330300 -7.2393
330600 -7.2671
330900 -7.2949
331200 -7.3228
331500 -7.3507
331800 -7.3786
332100 -7.4066
332400 -7.4346
332700 -7.4626
333000 -7.4906
333300 -7.5186
333600 -7.5466
333900 -7.5746
334200 -7.6026
334500 -7.6305
334800 -7.6585
335100 -7.6864
335400 -7.7144
335700 -7.7423
336000 -7.7703
336300 -7.7982
336600 -7.8262
336900 -7.8543
337200 -7.8824
337500 -7.9106
337800 -7.9388
338100 -7.9672
338400 -7.9956
338700 -8.0241
339000 -8.0526
339300 -8.0813
339600 -8.11
339900 -8.1388
340200 -8.1677
340500 -8.1966
340800 -8.2256
341100 -8.2546
341400 -8.2837
341700 -8.3129
342000 -8.3421
342300 -8.3713
342600 -8.4006
342900 -8.4299
343200 -8.4593
343500 -8.4888
343800 -8.5183
344100 -8.5479
344400 -8.5776
344700 -8.6073
345000 -8.6371
345300 -8.667
345600 -8.697
345900 -8.727
346200 -8.7571
346500 -8.7872
346800 -8.8174
347100 -8.8477
347400 -8.8781
347700 -8.9085
348000 -8.9389
348300 -8.9695
348600 -9
348900 -9.0306
349200 -9.0613
349500 -9.0896
349800 -9.1155
350100 -9.1389
350400 -9.1597
350700 -9.1775
351000 -9.1921
351300 -9.2032
351600 -9.2104
351900 -9.2134
352200 -9.2118
352500 -9.2052
352800 -9.1932
353100 -9.1801
353400 -9.1748
353700 -9.1725
354000 -9.1703
354300 -9.1667
354600 -9.1612
354900 -9.1534
355200 -9.1432
355500 -9.1303
355800 -9.1149
356100 -9.0967
356400 -9.0758
356700 -9.0528
357000 -9.0286
357300 -9.003
357600 -8.9761
357900 -8.9475
358200 -8.9523
358500 -8.927
358800 -8.8937
359100 -8.8568
359400 -8.8175
359700 -8.7759
360000 -8.7322
360300 -8.6888
360600 -8.6447
360900 -8.5995
361200 -8.5531
361500 -8.5054
361800 -8.4564
362100 -8.4062
362400 -8.3547
362700 -8.3019
363000 -8.2478
363300 -8.1924
363600 -8.1358
363900 -8.0795
364200 -8.0222
364500 -7.9635
364800 -7.9035
365100 -7.8422
365400 -7.7796
365700 -7.7158
366000 -7.6508
366300 -7.5846
366600 -7.5173
366900 -7.449
367200 -7.3796
367500 -7.3119
367800 -7.2454
368100 -7.1799
368400 -7.1151
368700 -7.051
369000 -6.9875
369300 -6.9245
369600 -6.862
369900 -6.8
370200 -6.7386
370500 -6.6778
370800 -6.6174
371100 -6.558
371400 -6.499
371700 -6.4404
372000 -6.3821
372300 -6.3243
372600 -6.267
372900 -6.2101
373200 -6.1538
373500 -6.098
373800 -6.0428
374100 -5.9881
374400 -5.9339
374700 -5.8811
375000 -5.829
375300 -5.7776
375600 -5.727
375900 -5.6769
376200 -5.6276
376500 -5.5789
376800 -5.531
377100 -5.4836
377400 -5.437
377700 -5.391
378000 -5.3456
378300 -5.3026
378600 -5.2613
378900 -5.2217
379200 -5.1836
379500 -5.147
379800 -5.1118
380100 -5.0779
380400 -5.0453
380700 -5.014
381000 -4.9839
381300 -4.955
381600 -4.9273
381900 -4.905
382200 -4.8869
382500 -4.8721
382800 -4.8603
383100 -4.8511
383400 -4.8443
383700 -4.8398
384000 -4.8374
384300 -4.8369
384600 -4.8383
384900 -4.8413
385200 -4.8458
385500 -4.8505
385800 -4.8553
386100 -4.8602
386400 -4.8654
386700 -4.871
387000 -4.845
387300 -4.8418
387600 -4.8439
387900 -4.8476
388200 -4.8525
388500 -4.8582
388800 -4.8645
389100 -4.8689
389400 -4.872
389700 -4.8743
390000 -4.876
390300 -4.8773
390600 -4.8784
390900 -4.8793
391200 -4.8803
391500 -4.8812
391800 -4.8824
392100 -4.8838
392400 -4.8854
392700 -4.8874
393000 -4.8898
393300 -4.8927
393600 -4.896
393900 -4.8999
394200 -4.9044
394500 -4.9095
394800 -4.9152
395100 -4.9215
395400 -4.9286
395700 -4.9363
396000 -4.9447
396300 -4.9539
396600 -4.9637
396900 -4.9743
397200 -4.9855
397500 -4.9974
397800 -5.0099
398100 -5.0231
398400 -5.0368
398700 -5.0512
399000 -5.0662
399300 -5.0817
399600 -5.0977
399900 -5.1142
400200 -5.1311
400500 -5.1485
400800 -5.1663
401100 -5.1846
401400 -5.2033
401700 -5.2224
402000 -5.2419
402300 -5.2618
402600 -5.282
402900 -5.3025
403200 -5.3234
403500 -5.3447
403800 -5.3663
404100 -5.3882
404400 -5.4104
404700 -5.4329
405000 -5.4556
405300 -5.4786
405600 -5.5018
405900 -5.5252
406200 -5.5489
406500 -5.5728
406800 -5.5969
407100 -5.6212
407400 -5.6458
407700 -5.6705
408000 -5.6955
408300 -5.7206
408600 -5.746
408900 -5.7716
409200 -5.7974
409500 -5.8234
409800 -5.8495
410100 -5.8759
410400 -5.9025
410700 -5.9293
411000 -5.9561
411300 -5.9832
411600 -6.0104
411900 -6.0378
412200 -6.0653
412500 -6.0929
412800 -6.1207
413100 -6.1485
413400 -6.1765
413700 -6.2045
414000 -6.2327
414300 -6.2609
414600 -6.2892
414900 -6.3175
415200 -6.346
415500 -6.3745
415800 -6.4032
416100 -6.432
416400 -6.461
416700 -6.49
417000 -6.5192
417300 -6.5486
417600 -6.5781
417900 -6.6078
418200 -6.6377
418500 -6.6677
418800 -6.6979
419100 -6.7282
419400 -6.7586
419700 -6.7891
420000 -6.8198
420300 -6.8505
420600 -6.8814
420900 -6.9123
421200 -6.9433
421500 -6.9745
421800 -7.0058
422100 -7.0372
422400 -7.0686
422700 -7.1002
423000 -7.1318
423300 -7.1634
423600 -7.1951
423900 -7.2268
424200 -7.2586
424500 -7.2904
424800 -7.3223
425100 -7.3542
425400 -7.3861
425700 -7.4181
426000 -7.4501
426300 -7.4822
426600 -7.5143
426900 -7.5465
427200 -7.5788
427500 -7.6111
427800 -7.6435
428100 -7.676
428400 -7.7085
428700 -7.7411
429000 -7.7737
429300 -7.8063
429600 -7.839
429900 -7.8718
430200 -7.9047
430500 -7.9376
430800 -7.9705
431100 -8.0036
431400 -8.0366
431700 -8.0698
432000 -8.1029
432300 -8.1361
432600 -8.1693
432900 -8.2025
433200 -8.2357
433500 -8.269
433800 -8.3023
434100 -8.3356
434400 -8.369
434700 -8.4023
435000 -8.4357
435300 -8.4691
435600 -8.5025
435900 -8.5336
436200 -8.5627
436500 -8.5896
436800 -8.6141
437100 -8.636
437400 -8.655
437700 -8.6708
438000 -8.6832
438300 -8.6918
438600 -8.6963
438900 -8.6964
439200 -8.6915
439500 -8.6846
439800 -8.6846
440100 -8.6872
440400 -8.6897
440700 -8.6907
441000 -8.6897
441300 -8.6865
441600 -8.6808
441900 -8.6726
442200 -8.6618
442500 -8.6483
442800 -8.6321
443100 -8.6146
443400 -8.5961
443700 -8.5766
444000 -8.556
444300 -8.534
444600 -8.5497
444900 -8.5328
445200 -8.5075
445500 -8.4789
445800 -8.4479
446100 -8.4149
446400 -8.38
446700 -8.3459
447000 -8.3113
447300 -8.2759
447600 -8.2397
447900 -8.2025
448200 -8.1643
448500 -8.1253
448800 -8.0852
449100 -8.0443
449400 -8.0024
449700 -7.9596
450000 -7.916
450300 -7.8718
450600 -7.8261
450900 -7.7789
451200 -7.7303
451500 -7.6802
451800 -7.6288
452100 -7.5761
452400 -7.5222
452700 -7.4671
453000 -7.4109
453300 -7.3535
453600 -7.2951
453900 -7.2375
454200 -7.1801
454500 -7.1229
454800 -7.0656
455100 -7.0084
455400 -6.9512
455700 -6.8939
456000 -6.8367
456300 -6.7794
456600 -6.7222
456900 -6.665
457200 -6.6079
457500 -6.5527
457800 -6.4988
458100 -6.446
458400 -6.3942
458700 -6.3434
459000 -6.2936
459300 -6.2446
459600 -6.1965
459900 -6.1493
460200 -6.1029
460500 -6.0574
460800 -6.0127
461100 -5.97
461400 -5.9285
461700 -5.8882
462000 -5.8489
462300 -5.8107
462600 -5.7734
462900 -5.7371
463200 -5.7016
463500 -5.6671
463800 -5.6333
464100 -5.6004
464400 -5.5683
464700 -5.5396
465000 -5.5138
465300 -5.4903
465600 -5.469
465900 -5.4497
466200 -5.4322
466500 -5.4163
466800 -5.4021
467100 -5.3893
467400 -5.378
467700 -5.3681
468000 -5.3594
468300 -5.3539
468600 -5.3505
468900 -5.3491
469200 -5.3493
469500 -5.3511
469800 -5.3544
470100 -5.3591
470400 -5.3651
470700 -5.3724
471000 -5.3809
471300 -5.3905
471600 -5.4011
471900 -5.4114
472200 -5.4209
472500 -5.4299
472800 -5.4384
473100 -5.4468
473400 -5.4175
473700 -5.4148
474000 -5.4179
474300 -5.4226
474600 -5.4281
474900 -5.4342
475200 -5.4408
475500 -5.4464
475800 -5.4517
476100 -5.457
476400 -5.4623
476700 -5.4678
477000 -5.4735
477300 -5.4794
477600 -5.4857
477900 -5.4923
478200 -5.4994
478500 -5.5068
478800 -5.5147
479100 -5.523
479400 -5.5318
479700 -5.5411
480000 -5.5509
480300 -5.5612
480600 -5.572
480900 -5.5833
481200 -5.5951
481500 -5.6074
481800 -5.6201
482100 -5.6334
482400 -5.6472
482700 -5.6612
483000 -5.6756
483300 -5.6905
483600 -5.7058
483900 -5.7215
484200 -5.7377
484500 -5.7544
484800 -5.7714
485100 -5.7889
485400 -5.8068
485700 -5.8251
486000 -5.8438
486300 -5.8628
486600 -5.8821
486900 -5.9018
487200 -5.9218
487500 -5.9422
487800 -5.9629
488100 -5.9839
488400 -6.0053
488700 -6.0269
489000 -6.0488
489300 -6.071
489600 -6.0934
489900 -6.1162
490200 -6.1393
490500 -6.1626
490800 -6.1861
491100 -6.2099
491400 -6.2339
491700 -6.2581
492000 -6.2825
492300 -6.3072
492600 -6.3321
492900 -6.3571
493200 -6.3824
493500 -6.4079
493800 -6.4336
494100 -6.4595
494400 -6.4857
494700 -6.5119
495000 -6.5384
495300 -6.5651
495600 -6.5919
495900 -6.619
496200 -6.6462
496500 -6.6735
496800 -6.7011
497100 -6.7289
497400 -6.7569
497700 -6.7851
498000 -6.8134
498300 -6.8419
498600 -6.8705
498900 -6.8992
499200 -6.9281
499500 -6.9571
499800 -6.9862
500100 -7.0154
500400 -7.0447
500700 -7.0742
501000 -7.1038
501300 -7.1334
501600 -7.1631
501900 -7.1929
502200 -7.2228
502500 -7.2527
502800 -7.2826
503100 -7.3126
503400 -7.3426
503700 -7.3726
504000 -7.4027
504300 -7.4327
504600 -7.4627
504900 -7.4928
505200 -7.5228
505500 -7.553
505800 -7.5832
506100 -7.6135
506400 -7.6438
506700 -7.6742
507000 -7.7048
507300 -7.7354
507600 -7.7662
507900 -7.797
508200 -7.8279
508500 -7.859
508800 -7.8901
509100 -7.9213
509400 -7.9526
509700 -7.984
510000 -8.0154
510300 -8.0469
510600 -8.0784
510900 -8.11
511200 -8.1416
511500 -8.1733
511800 -8.205
512100 -8.2367
512400 -8.2684
512700 -8.3002
513000 -8.332
513300 -8.3639
513600 -8.3958
513900 -8.4277
514200 -8.4597
514500 -8.4916
514800 -8.5237
515100 -8.5558
515400 -8.5879
515700 -8.62
516000 -8.6521
516300 -8.6842
516600 -8.7164
516900 -8.7485
517200 -8.7805
517500 -8.8126
517800 -8.8446
518100 -8.8765
518400 -8.9084
518700 -8.9402
519000 -8.9719
519300 -9.0035
519600 -9.0352
519900 -9.0667
520200 -9.0983
520500 -9.1297
520800 -9.1612
521100 -9.1926
521400 -9.224
521700 -9.2553
522000 -9.2867
522300 -9.3167
522600 -9.3457
522900 -9.3738
523200 -9.401
523500 -9.4271
523800 -9.4521
524100 -9.4759
524400 -9.4984
524700 -9.5195
525000 -9.539
525300 -9.5568
525600 -9.5729
525900 -9.5834
526200 -9.5939
526500 -9.6037
526800 -9.612
527100 -9.6186
527400 -9.6231
527700 -9.6256
528000 -9.626
528300 -9.6242
528600 -9.6202
528900 -9.6141
529200 -9.6056
529500 -9.5966
529800 -9.5872
530100 -9.5774
530400 -9.567
530700 -9.5557
531000 -9.5805
531300 -9.5747
531600 -9.5613
531900 -9.545
532200 -9.5268
532500 -9.5069
532800 -9.4853
533100 -9.4635
533400 -9.4402
533700 -9.415
534000 -9.3881
534300 -9.3593
534600 -9.3286
534900 -9.2962
535200 -9.2619
535500 -9.2258
535800 -9.1878
536100 -9.1481
536400 -9.1065
536700 -9.065
537000 -9.0228
537300 -8.9795
537600 -8.9352
537900 -8.8897
538200 -8.8432
538500 -8.7955
538800 -8.7468
539100 -8.6969
539400 -8.646
539700 -8.5941
540000 -8.5411
540300 -8.4892
540600 -8.4377
540900 -8.3864
541200 -8.3352
541500 -8.2841
541800 -8.2329
542100 -8.1817
542400 -8.1305
542700 -8.0793
543000 -8.028
543300 -7.9768
543600 -7.9255
543900 -7.8785
544200 -7.8352
544500 -7.7952
544800 -7.7581
545100 -7.7236
545400 -7.6916
545700 -7.6619
546000 -7.6345
546300 -7.6092
546600 -7.586
546900 -7.5648
547200 -7.5455
547500 -7.5263
547800 -7.5066
548100 -7.4864
548400 -7.4661
548700 -7.4457
549000 -7.4254
549300 -7.4051
549600 -7.385
549900 -7.365
550200 -7.3453
550500 -7.3257
550800 -7.3065
551100 -7.2882
551400 -7.2707
551700 -7.2538
552000 -7.2376
552300 -7.222
552600 -7.207
552900 -7.1926
553200 -7.1788
553500 -7.1657
553800 -7.1532
554100 -7.1414
554400 -7.1302
554700 -7.1208
555000 -7.1128
555300 -7.1061
555600 -7.1005
555900 -7.096
556200 -7.0925
556500 -7.09
556800 -7.0885
557100 -7.0879
557400 -7.0883
557700 -7.0895
558000 -7.0916
558300 -7.0936
558600 -7.0955
558900 -7.0973
559200 -7.0993
559500 -7.1014
559800 -7.0719
560100 -7.0657
560400 -7.0648
560700 -7.0655
561000 -7.0672
561300 -7.0696
561600 -7.0727
561900 -7.076
562200 -7.0796
562500 -7.0834
562800 -7.0875
563100 -7.0919
563400 -7.0968
563700 -7.1021
564000 -7.1078
564300 -7.114
564600 -7.1206
564900 -7.1277
565200 -7.1353
565500 -7.1431
565800 -7.1515
566100 -7.1603
566400 -7.1695
566700 -7.1793
567000 -7.1895
567300 -7.2003
567600 -7.2115
567900 -7.2232
568200 -7.2353
568500 -7.2479
568800 -7.261
569100 -7.2744
569400 -7.2882
569700 -7.3025
570000 -7.3172
570300 -7.3323
570600 -7.3478
570900 -7.3637
571200 -7.3799
571500 -7.3965
571800 -7.4135
572100 -7.4308
572400 -7.4484
572700 -7.4663
573000 -7.4845
573300 -7.503
573600 -7.5218
573900 -7.5409
574200 -7.5603
574500 -7.58
574800 -7.6
575100 -7.6203
575400 -7.6408
575700 -7.6617
576000 -7.6828
576300 -7.7042
576600 -7.7259
576900 -7.7478
577200 -7.77
577500 -7.7924
577800 -7.8151
578100 -7.838
578400 -7.8612
578700 -7.8845
579000 -7.9081
579300 -7.9318
579600 -7.9558
579900 -7.98
580200 -8.0044
580500 -8.0289
580800 -8.0537
581100 -8.0786
581400 -8.1037
581700 -8.129
582000 -8.1544
582300 -8.1799
582600 -8.2056
582900 -8.2314
583200 -8.2574
583500 -8.2834
583800 -8.3096
584100 -8.3359
584400 -8.3622
584700 -8.3887
585000 -8.4153
585300 -8.442
585600 -8.4688
585900 -8.4957
586200 -8.5227
586500 -8.5497
586800 -8.5769
587100 -8.604
587400 -8.6312
587700 -8.6584
588000 -8.6857
588300 -8.7131
588600 -8.7405
588900 -8.768
589200 -8.7955
589500 -8.823
589800 -8.8506
590100 -8.8782
590400 -8.9058
590700 -8.9335
591000 -8.9613
591300 -8.9891
591600 -9.017
591900 -9.045
592200 -9.073
592500 -9.1011
592800 -9.1293
593100 -9.1577
593400 -9.1862
593700 -9.2148
594000 -9.2435
594300 -9.2725
594600 -9.3015
594900 -9.3308
595200 -9.36
595500 -9.3894
595800 -9.4188
596100 -9.4482
596400 -9.4776
596700 -9.507
597000 -9.5363
597300 -9.5656
597600 -9.5949
597900 -9.624
598200 -9.6531
598500 -9.6821
598800 -9.7111
599100 -9.74
599400 -9.769
599700 -9.798
600000 -9.827
600300 -9.8561
600600 -9.8853
600900 -9.9144
601200 -9.9437
601500 -9.9728
601800 -10.0018
602100 -10.0309
602400 -10.06
602700 -10.0892
603000 -10.1184
603300 -10.1476
603600 -10.1768
603900 -10.206
604200 -10.2352
604500 -10.2644
604800 -10.2936
605100 -10.3226
605400 -10.3515
605700 -10.3804
606000 -10.4093
606300 -10.4381
606600 -10.467
606900 -10.4958
607200 -10.5246
607500 -10.5534
607800 -10.5821
608100 -10.6109
608400 -10.6396
608700 -10.6674
609000 -10.6944
609300 -10.7208
609600 -10.7466
609900 -10.7718
610200 -10.7962
610500 -10.8199
610800 -10.8428
611100 -10.8649
611400 -10.886
611700 -10.9062
612000 -10.9253
612300 -10.9411
612600 -10.9565
612900 -10.9712
613200 -10.9849
613500 -10.9973
613800 -11.0083
614100 -11.018
614400 -11.0262
614700 -11.033
615000 -11.0384
615300 -11.0423
615600 -11.0447
615900 -11.045
616200 -11.0441
616500 -11.0421
616800 -11.039
617100 -11.0346
617400 -11.063
617700 -11.0627
618000 -11.0551
618300 -11.0446
618600 -11.032
618900 -11.0177
619200 -11.0016
619500 -10.9848
619800 -10.9663
620100 -10.946
620400 -10.9239
620700 -10.9001
621000 -10.8744
621300 -10.8469
621600 -10.8175
621900 -10.7864
622200 -10.7534
622500 -10.7186
622800 -10.6819
623100 -10.6461
623400 -10.6102
623700 -10.5736
624000 -10.5362
624300 -10.498
624600 -10.4589
624900 -10.4189
625200 -10.3779
625500 -10.336
625800 -10.2931
626100 -10.2493
626400 -10.2045
626700 -10.159
627000 -10.1123
627300 -10.0644
627600 -10.0151
627900 -9.9646
628200 -9.913
628500 -9.8601
628800 -9.8061
629100 -9.7511
629400 -9.6949
629700 -9.6377
630000 -9.5795
630300 -9.5239
630600 -9.4703
630900 -9.4185
631200 -9.368
631500 -9.3188
631800 -9.2707
632100 -9.2237
632400 -9.1777
632700 -9.1326
633000 -9.0886
633300 -9.0454
633600 -9.0032
633900 -8.9645
634200 -8.9287
634500 -8.8953
634800 -8.8641
635100 -8.8349
635400 -8.8075
635700 -8.7819
636000 -8.7579
636300 -8.7354
636600 -8.7144
636900 -8.6949
637200 -8.6766
637500 -8.6592
637800 -8.6422
638100 -8.6256
638400 -8.6094
638700 -8.5937
639000 -8.5785
639300 -8.5638
639600 -8.5497
639900 -8.5361
640200 -8.5231
640500 -8.5107
640800 -8.4989
641100 -8.4882
641400 -8.4782
641700 -8.4687
642000 -8.4599
642300 -8.4517
642600 -8.4441
642900 -8.4372
643200 -8.4309
643500 -8.4253
643800 -8.4204
644100 -8.4162
644400 -8.4126
644700 -8.4087
645000 -8.4046
645300 -8.4003
645600 -8.3961
645900 -8.392
646200 -8.3688
646500 -8.3593
646800 -8.353
647100 -8.3477
647400 -8.343
647700 -8.3388
648000 -8.3351
648300 -8.3312
648600 -8.3274
648900 -8.3238
649200 -8.3204
649500 -8.3173
649800 -8.3146
650100 -8.3122
650400 -8.3102
650700 -8.3086
651000 -8.3074
651300 -8.3067
651600 -8.3065
651900 -8.3066
652200 -8.3072
652500 -8.3082
652800 -8.3097
653100 -8.3116
653400 -8.314
653700 -8.3169
654000 -8.3202
654300 -8.3239
654600 -8.3281
654900 -8.3327
655200 -8.3377
655500 -8.3429
655800 -8.3485
656100 -8.3544
656400 -8.3608
656700 -8.3675
657000 -8.3746
657300 -8.382
657600 -8.3898
657900 -8.398
658200 -8.4066
658500 -8.4155
658800 -8.4247
659100 -8.4343
659400 -8.4443
659700 -8.4545
660000 -8.4651
660300 -8.476
660600 -8.4872
660900 -8.4986
661200 -8.5103
661500 -8.5223
661800 -8.5345
662100 -8.547
662400 -8.5597
662700 -8.5727
663000 -8.586
663300 -8.5996
663600 -8.6133
663900 -8.6273
664200 -8.6415
664500 -8.6559
664800 -8.6706
665100 -8.6855
665400 -8.7006
665700 -8.7159
666000 -8.7315
666300 -8.7473
666600 -8.7634
666900 -8.7797
667200 -8.7963
667500 -8.8129
667800 -8.8298
668100 -8.8468
668400 -8.8639
668700 -8.8811
669000 -8.8985
669300 -8.916
669600 -8.9336
669900 -8.9513
670200 -8.9691
670500 -8.987
670800 -9.005
671100 -9.0231
671400 -9.0414
671700 -9.0598
672000 -9.0783
672300 -9.097
672600 -9.1158
672900 -9.1348
673200 -9.1539
673500 -9.1733
673800 -9.1929
674100 -9.2126
674400 -9.2325
674700 -9.2526
675000 -9.2728
675300 -9.2932
675600 -9.3138
675900 -9.3345
676200 -9.3554
676500 -9.3764
676800 -9.3976
677100 -9.4189
677400 -9.4404
677700 -9.4619
678000 -9.4836
678300 -9.5055
678600 -9.5274
678900 -9.5495
679200 -9.5717
679500 -9.594
679800 -9.6164
680100 -9.6389
680400 -9.6615
680700 -9.6842
681000 -9.707
681300 -9.7299
681600 -9.7529
681900 -9.776
682200 -9.7991
682500 -9.8223
682800 -9.8455
683100 -9.8688
683400 -9.8922
683700 -9.9156
684000 -9.9391
684300 -9.9626
684600 -9.9861
684900 -10.0097
685200 -10.0334
685500 -10.0572
685800 -10.0811
686100 -10.1051
686400 -10.1292
686700 -10.1535
687000 -10.1779
687300 -10.2025
687600 -10.2272
687900 -10.2521
688200 -10.2771
688500 -10.3022
688800 -10.3275
689100 -10.353
689400 -10.3785
689700 -10.4042
690000 -10.43
690300 -10.4559
690600 -10.4818
690900 -10.5079
691200 -10.5341
691500 -10.5604
691800 -10.5867
692100 -10.613
692400 -10.6395
692700 -10.666
693000 -10.6926
693300 -10.7193
693600 -10.746
693900 -10.7728
694200 -10.7997
694500 -10.8266
694800 -10.8535
695100 -10.8785
695400 -10.9019
695700 -10.9237
696000 -10.9436
696300 -10.9615
696600 -10.9773
696900 -10.9906
697200 -11.0013
697500 -11.009
697800 -11.0136
698100 -11.0148
698400 -11.0121
698700 -11.0049
699000 -11.0026
699300 -11.0018
699600 -11.0005
699900 -10.9976
700200 -10.9927
700500 -10.9854
700800 -10.9757
701100 -10.9635
701400 -10.9487
701700 -10.9313
702000 -10.9111
702300 -10.8901
702600 -10.8684
702900 -10.8459
703200 -10.8224
703500 -10.7978
703800 -10.8002
704100 -10.7784
704400 -10.75
704700 -10.7187
705000 -10.6855
705300 -10.6504
705600 -10.6135
705900 -10.5763
706200 -10.5375
706500 -10.4969
706800 -10.4545
707100 -10.4102
707400 -10.3641
707700 -10.3162
708000 -10.2665
708300 -10.2149
708600 -10.1616
708900 -10.1066
709200 -10.0498
709500 -9.9934
709800 -9.937
710100 -9.8804
710400 -9.8234
710700 -9.766
711000 -9.7081
711300 -9.6498
711600 -9.5909
711900 -9.5316
712200 -9.4717
712500 -9.4114
712800 -9.3507
713100 -9.2895
713400 -9.2273
713700 -9.164
714000 -9.0997
714300 -9.0345
714600 -8.9684
714900 -8.9015
715200 -8.8339
715500 -8.7655
715800 -8.6965
716100 -8.6269
716400 -8.5567
716700 -8.4888
717000 -8.4227
717300 -8.3582
717600 -8.2949
717900 -8.2328
718200 -8.1719
718500 -8.1121
718800 -8.0533
719100 -7.9956
719400 -7.9388
719700 -7.8831
720000 -7.8284
720300 -7.7766
720600 -7.7271
720900 -7.6797
721200 -7.6342
721500 -7.5904
721800 -7.5482
722100 -7.5076
722400 -7.4684
722700 -7.4306
723000 -7.3942
723300 -7.359
723600 -7.3251
723900 -7.2927
724200 -7.2611
724500 -7.2303
724800 -7.2002
725100 -7.1708
725400 -7.1423
725700 -7.1144
726000 -7.0873
726300 -7.061
726600 -7.0355
726900 -7.0107
727200 -6.9867
727500 -6.9665
727800 -6.9489
728100 -6.9337
728400 -6.9204
728700 -6.9089
729000 -6.8991
729300 -6.8909
729600 -6.8843
729900 -6.8791
730200 -6.8753
730500 -6.8728
730800 -6.8717
731100 -6.8705
731400 -6.8698
731700 -6.8696
732000 -6.8701
732300 -6.8713
732600 -6.8479
732900 -6.8431
733200 -6.8429
733500 -6.8443
733800 -6.8469
734100 -6.8506
734400 -6.8549
734700 -6.8582
735000 -6.8606
735300 -6.8624
735600 -6.8638
735900 -6.865
736200 -6.866
736500 -6.867
736800 -6.868
737100 -6.8691
737400 -6.8703
737700 -6.8717
738000 -6.8733
738300 -6.8752
738600 -6.8774
738900 -6.8799
739200 -6.8828
739500 -6.8861
739800 -6.8898
740100 -6.894
740400 -6.8986
740700 -6.9036
741000 -6.9091
741300 -6.9151
741600 -6.9216
741900 -6.9286
742200 -6.9361
742500 -6.944
742800 -6.9525
743100 -6.9615
743400 -6.9709
743700 -6.9809
744000 -6.9913
744300 -7.0022
744600 -7.0136
744900 -7.0254
745200 -7.0377
745500 -7.0505
745800 -7.0636
746100 -7.0773
746400 -7.0913
746700 -7.1057
747000 -7.1206
747300 -7.1358
747600 -7.1513
747900 -7.1673
748200 -7.1835
748500 -7.2001
748800 -7.217
749100 -7.2343
749400 -7.2519
749700 -7.2698
750000 -7.2881
750300 -7.3065
750600 -7.3253
750900 -7.3444
751200 -7.3637
751500 -7.3833
751800 -7.4032
752100 -7.4233
752400 -7.4437
752700 -7.4644
753000 -7.4853
753300 -7.5065
753600 -7.5279
753900 -7.5496
754200 -7.5714
754500 -7.5935
754800 -7.6158
755100 -7.6383
755400 -7.6611
755700 -7.684
756000 -7.7071
756300 -7.7305
756600 -7.754
756900 -7.7777
757200 -7.8017
757500 -7.8257
757800 -7.85
758100 -7.8744
758400 -7.8989
758700 -7.9236
759000 -7.9484
759300 -7.9733
759600 -7.9984
759900 -8.0235
760200 -8.0488
760500 -8.0742
760800 -8.0997
761100 -8.1253
761400 -8.1512
761700 -8.1771
762000 -8.2033
762300 -8.2296
762600 -8.2561
762900 -8.2828
763200 -8.3097
763500 -8.3368
763800 -8.3641
764100 -8.3915
764400 -8.4191
764700 -8.4469
765000 -8.4747
765300 -8.5027
765600 -8.5308
765900 -8.559
766200 -8.5873
766500 -8.6157
766800 -8.6441
767100 -8.6727
767400 -8.7013
767700 -8.7301
768000 -8.7589
768300 -8.7877
768600 -8.8167
768900 -8.8457
769200 -8.8747
769500 -8.9039
769800 -8.9331
770100 -8.9623
770400 -8.9917
770700 -9.021
771000 -9.0504
771300 -9.0799
771600 -9.1095
771900 -9.1391
772200 -9.1688
772500 -9.1987
772800 -9.2286
773100 -9.2586
773400 -9.2887
773700 -9.319
774000 -9.3493
774300 -9.3797
774600 -9.4102
774900 -9.4408
775200 -9.4715
775500 -9.5023
775800 -9.5332
776100 -9.5642
776400 -9.5952
776700 -9.6264
777000 -9.6576
777300 -9.6889
777600 -9.7202
777900 -9.7516
778200 -9.783
778500 -9.8145
778800 -9.846
779100 -9.8777
779400 -9.9093
779700 -9.9411
780000 -9.9729
780300 -10.0047
780600 -10.0367
780900 -10.0687
781200 -10.1007
781500 -10.1301
781800 -10.1572
782100 -10.1818
782400 -10.2038
782700 -10.223
783000 -10.2391
783300 -10.2518
783600 -10.2609
783900 -10.266
784200 -10.2667
784500 -10.2627
784800 -10.2535
785100 -10.241
785400 -10.2359
785700 -10.2338
786000 -10.2317
786300 -10.2281
786600 -10.2224
786900 -10.2142
787200 -10.2035
787500 -10.19
787800 -10.1737
788100 -10.1546
788400 -10.1325
788700 -10.1092
789000 -10.0852
789300 -10.0604
789600 -10.0346
789900 -10.0075
790200 -10.0147
790500 -9.9918
790800 -9.9612
791100 -9.9273
791400 -9.8913
791700 -9.8533
792000 -9.8135
792300 -9.7724
792600 -9.7296
792900 -9.685
793200 -9.6386
793500 -9.5904
793800 -9.5403
794100 -9.4886
794400 -9.4351
794700 -9.3798
795000 -9.3229
795300 -9.2643
795600 -9.204
795900 -9.1447
796200 -9.085
796500 -9.0246
796800 -8.9633
797100 -8.9013
797400 -8.8384
797700 -8.7747
798000 -8.7103
798300 -8.6451
798600 -8.5792
798900 -8.5127
799200 -8.4455
799500 -8.3799
799800 -8.3152
800100 -8.2512
800400 -8.1878
800700 -8.1249
801000 -8.0624
801300 -8.0004
801600 -7.9388
801900 -7.8777
802200 -7.817
802500 -7.7567
802800 -7.6969
803100 -7.6377
803400 -7.5785
803700 -7.5191
804000 -7.4598
804300 -7.4004
804600 -7.3412
804900 -7.2821
805200 -7.2232
805500 -7.1645
805800 -7.106
806100 -7.0478
806400 -6.9899
806700 -6.9343
807000 -6.8804
807300 -6.828
807600 -6.7769
807900 -6.727
808200 -6.6782
808500 -6.6304
808800 -6.5837
809100 -6.5379
809400 -6.4931
809700 -6.4492
810000 -6.4062
810300 -6.3662
810600 -6.3285
810900 -6.2926
811200 -6.2586
811500 -6.226
811800 -6.195
812100 -6.1653
812400 -6.137
812700 -6.1099
813000 -6.084
813300 -6.0593
813600 -6.0356
813900 -6.0175
814200 -6.0034
814500 -5.9925
814800 -5.9845
815100 -5.979
815400 -5.9759
815700 -5.9751
816000 -5.9763
816300 -5.9794
816600 -5.9844
816900 -5.9911
817200 -5.9994
817500 -6.0057
817800 -6.0108
818100 -6.0152
818400 -6.0191
818700 -6.0228
819000 -5.9995
819300 -5.9952
819600 -5.995
819900 -5.9959
820200 -5.9975
820500 -5.9997
820800 -6.0022
821100 -6.0038
821400 -6.0048
821700 -6.0055
822000 -6.0061
822300 -6.0066
822600 -6.0071
822900 -6.0077
823200 -6.0085
823500 -6.0095
823800 -6.0107
824100 -6.0122
824400 -6.0139
824700 -6.0161
825000 -6.0188
825300 -6.0218
825600 -6.0252
825900 -6.0291
826200 -6.0334
826500 -6.0383
826800 -6.0436
827100 -6.0495
827400 -6.0559
827700 -6.0627
828000 -6.0701
828300 -6.0781
828600 -6.0867
828900 -6.0957
829200 -6.1053
829500 -6.1153
829800 -6.1259
830100 -6.137
830400 -6.1485
830700 -6.1606
831000 -6.1731
831300 -6.1861
831600 -6.1995
831900 -6.2134
832200 -6.2277
832500 -6.2424
832800 -6.2576
833100 -6.2731
833400 -6.2891
833700 -6.3054
834000 -6.3222
834300 -6.3393
834600 -6.3568
834900 -6.3747
835200 -6.3929
835500 -6.4115
835800 -6.4303
836100 -6.4495
836400 -6.469
836700 -6.4888
837000 -6.5089
837300 -6.5293
837600 -6.5499
837900 -6.5708
838200 -6.592
838500 -6.6134
838800 -6.6351
839100 -6.657
839400 -6.6791
839700 -6.7015
840000 -6.7241
840300 -6.7469
840600 -6.77
840900 -6.7933
841200 -6.8169
841500 -6.8407
841800 -6.8648
842100 -6.8891
842400 -6.9137
842700 -6.9385
843000 -6.9636
843300 -6.9889
843600 -7.0144
843900 -7.0402
844200 -7.0662
844500 -7.0924
844800 -7.1188
845100 -7.1454
845400 -7.1722
845700 -7.1991
846000 -7.2263
846300 -7.2536
846600 -7.2811
846900 -7.3088
847200 -7.3366
847500 -7.3646
847800 -7.3928
848100 -7.4212
848400 -7.4497
848700 -7.4784
849000 -7.5072
849300 -7.5363
849600 -7.5655
849900 -7.5948
850200 -7.6242
850500 -7.6538
850800 -7.6836
851100 -7.7135
851400 -7.7436
851700 -7.7738
852000 -7.8042
852300 -7.8348
852600 -7.8654
852900 -7.8962
853200 -7.9272
853500 -7.9583
853800 -7.9894
854100 -8.0207
854400 -8.0522
854700 -8.0837
855000 -8.1154
855300 -8.1472
855600 -8.1791
855900 -8.2111
856200 -8.2432
856500 -8.2754
856800 -8.3077
857100 -8.34
857400 -8.3724
857700 -8.4049
858000 -8.4375
858300 -8.4701
858600 -8.5029
858900 -8.5357
859200 -8.5687
859500 -8.6017
859800 -8.6348
860100 -8.668
860400 -8.7012
860700 -8.7345
861000 -8.7678
861300 -8.8012
861600 -8.8347
861900 -8.8683
862200 -8.9019
862500 -8.9356
862800 -8.9694
863100 -9.0032
863400 -9.0371
863700 -9.0711
864000 -9.1052
864300 -9.1393
864600 -9.1734
864900 -9.2076
865200 -9.2419
865500 -9.2761
865800 -9.3105
866100 -9.3448
866400 -9.3792
866700 -9.4136
867000 -9.4479
867300 -9.4824
867600 -9.5168
867900 -9.5493
868200 -9.5802
868500 -9.6096
868800 -9.6371
869100 -9.6628
869400 -9.6864
869700 -9.7076
870000 -9.7263
870300 -9.7422
870600 -9.7551
870900 -9.7646
871200 -9.7705
871500 -9.7725
871800 -9.7801
872100 -9.7902
872400 -9.8005
872700 -9.81
873000 -9.8182
873300 -9.825
873600 -9.83
873900 -9.8334
874200 -9.835
874500 -9.8348
874800 -9.8327
875100 -9.8296
875400 -9.8257
875700 -9.8209
876000 -9.815
876300 -9.808
876600 -9.8386
876900 -9.8372
877200 -9.8278
877500 -9.8153
877800 -9.8009
878100 -9.7848
878400 -9.7671
878700 -9.7459
879000 -9.7235
879300 -9.7003
879600 -9.6764
879900 -9.6517
880200 -9.6262
880500 -9.5998
880800 -9.5727
881100 -9.5447
881400 -9.5159
881700 -9.4862
882000 -9.4557
882300 -9.4254
882600 -9.3918
882900 -9.3546
883200 -9.314
883500 -9.2702
883800 -9.2232
884100 -9.1734
884400 -9.1206
884700 -9.0652
885000 -9.007
885300 -8.9463
885600 -8.8829
885900 -8.8221
886200 -8.7626
886500 -8.7038
886800 -8.6456
887100 -8.5876
887400 -8.5296
887700 -8.4718
888000 -8.4138
888300 -8.3558
888600 -8.2977
888900 -8.2395
889200 -8.1811
889500 -8.1273
889800 -8.0773
890100 -8.0307
890400 -7.987
890700 -7.9459
891000 -7.9073
891300 -7.8709
891600 -7.8367
891900 -7.8045
892200 -7.7742
892500 -7.7459
892800 -7.7193
893100 -7.693
893400 -7.6661
893700 -7.6386
894000 -7.6108
894300 -7.5827
894600 -7.5544
894900 -7.5262
895200 -7.4979
895500 -7.4697
895800 -7.4415
896100 -7.4135
896400 -7.3856
896700 -7.3595
897000 -7.3346
897300 -7.3106
897600 -7.2874
897900 -7.2649
898200 -7.2433
898500 -7.2223
898800 -7.2021
899100 -7.1826
899400 -7.1639
899700 -7.1459
900000 -7.1286
900300 -7.1146
900600 -7.102
900900 -7.0906
901200 -7.0801
901500 -7.0706
901800 -7.0622
902100 -7.0547
902400 -7.0482
902700 -7.0427
903000 -7.0382
903300 -7.0348
903600 -7.0325
903900 -7.0298
904200 -7.0271
904500 -7.0248
904800 -7.0229
905100 -7.0214
905400 -6.9913
905700 -6.9816
906000 -6.9767
906300 -6.9735
906600 -6.9713
906900 -6.9698
907200 -6.9691
907500 -6.9674
907800 -6.9657
908100 -6.9641
908400 -6.9629
908700 -6.9621
909000 -6.9618
909300 -6.962
909600 -6.9627
909900 -6.964
910200 -6.9659
910500 -6.9685
910800 -6.9716
911100 -6.9752
911400 -6.9793
911700 -6.984
912000 -6.9893
912300 -6.9953
912600 -7.0019
912900 -7.0092
913200 -7.017
913500 -7.0255
913800 -7.0345
914100 -7.0442
914400 -7.0544
914700 -7.065
915000 -7.0761
915300 -7.0878
915600 -7.0999
915900 -7.1126
916200 -7.1257
916500 -7.1393
916800 -7.1533
917100 -7.1678
917400 -7.1826
917700 -7.1978
918000 -7.2135
918300 -7.2294
918600 -7.2457
918900 -7.2624
919200 -7.2794
919500 -7.2968
919800 -7.3145
920100 -7.3325
920400 -7.3509
920700 -7.3696
921000 -7.3886
921300 -7.4079
921600 -7.4276
921900 -7.4477
922200 -7.4681
922500 -7.4889
922800 -7.5098
923100 -7.531
923400 -7.5524
923700 -7.574
924000 -7.5958
924300 -7.6177
924600 -7.6398
924900 -7.662
925200 -7.6842
925500 -7.7068
925800 -7.7295
926100 -7.7523
926400 -7.7752
926700 -7.7982
927000 -7.8212
927300 -7.8444
927600 -7.8676
927900 -7.8909
928200 -7.9143
928500 -7.9377
928800 -7.9612
929100 -7.9847
929400 -8.0081
929700 -8.0316
930000 -8.0552
930300 -8.0788
930600 -8.1024
930900 -8.1262
931200 -8.15
931500 -8.1738
931800 -8.1978
932100 -8.2218
932400 -8.2458
932700 -8.2699
933000 -8.294
933300 -8.3181
933600 -8.3423
933900 -8.3665
934200 -8.3908
934500 -8.415
934800 -8.4392
935100 -8.4634
935400 -8.4876
935700 -8.5117
936000 -8.5359
936300 -8.5599
936600 -8.5839
936900 -8.6079
937200 -8.6319
937500 -8.6559
937800 -8.6799
938100 -8.7038
938400 -8.7278
938700 -8.7518
939000 -8.7759
939300 -8.8
939600 -8.8241
939900 -8.8483
940200 -8.8726
940500 -8.897
940800 -8.9213
941100 -8.9457
941400 -8.9701
941700 -8.9945
942000 -9.0188
942300 -9.0432
942600 -9.0675
942900 -9.0918
943200 -9.1161
943500 -9.1402
943800 -9.1643
944100 -9.1884
944400 -9.2124
944700 -9.2365
945000 -9.2605
945300 -9.2845
945600 -9.3086
945900 -9.3327
946200 -9.3568
946500 -9.3809
946800 -9.405
947100 -9.4293
947400 -9.4536
947700 -9.4779
948000 -9.5023
948300 -9.5267
948600 -9.5512
948900 -9.5757
949200 -9.6003
949500 -9.6249
949800 -9.6496
950100 -9.6742
950400 -9.699
950700 -9.7237
951000 -9.7484
951300 -9.7732
951600 -9.7979
951900 -9.8227
952200 -9.8475
952500 -9.8722
952800 -9.897
953100 -9.9217
953400 -9.9464
953700 -9.9711
954000 -9.9957
954300 -10.0191
954600 -10.0416
954900 -10.0633
955200 -10.084
955500 -10.1038
955800 -10.1226
956100 -10.1403
956400 -10.1568
956700 -10.1721
957000 -10.1859
957300 -10.1983
957600 -10.209
957900 -10.2165
958200 -10.2256
958500 -10.2352
958800 -10.2444
959100 -10.2528
959400 -10.2603
959700 -10.2666
960000 -10.2717
960300 -10.2757
960600 -10.2784
960900 -10.2798
961200 -10.28
961500 -10.2779
961800 -10.274
962100 -10.2684
962400 -10.2613
962700 -10.2525
963000 -10.2683
963300 -10.2608
963600 -10.2469
963900 -10.23
964200 -10.2109
964500 -10.1898
964800 -10.1668
965100 -10.1446
965400 -10.1219
965700 -10.098
966000 -10.0729
966300 -10.0466
966600 -10.0189
966900 -9.99
967200 -9.9597
967500 -9.928
967800 -9.8951
968100 -9.8607
968400 -9.8251
968700 -9.7878
969000 -9.7481
969300 -9.706
969600 -9.6615
969900 -9.6147
970200 -9.5657
970500 -9.5146
970800 -9.4614
971100 -9.4061
971400 -9.3487
971700 -9.2894
972000 -9.2282
972300 -9.1686
972600 -9.1105
972900 -9.0534
973200 -8.997
973500 -8.9413
973800 -8.886
974100 -8.8312
974400 -8.7767
974700 -8.7227
975000 -8.669
975300 -8.6156
975600 -8.5626
975900 -8.5122
976200 -8.4638
976500 -8.4173
976800 -8.3723
977100 -8.3288
977400 -8.2866
977700 -8.2458
978000 -8.2061
978300 -8.1676
978600 -8.1302
978900 -8.0939
979200 -8.0587
979500 -8.024
979800 -7.9895
980100 -7.955
980400 -7.9208
980700 -7.8868
981000 -7.8532
981300 -7.8198
981600 -7.7868
981900 -7.7543
982200 -7.7221
982500 -7.6903
982800 -7.659
983100 -7.628
983400 -7.5969
983700 -7.5658
984000 -7.5347
984300 -7.5038
984600 -7.4731
984900 -7.4426
985200 -7.4124
985500 -7.3826
985800 -7.3532
986100 -7.3243
986400 -7.2958
986700 -7.2714
987000 -7.2504
987300 -7.2321
987600 -7.2162
987900 -7.2026
988200 -7.1911
988500 -7.1814
988800 -7.1736
989100 -7.1675
989400 -7.163
989700 -7.1601
990000 -7.1587
990300 -7.1579
990600 -7.1576
990900 -7.158
991200 -7.159
991500 -7.1607
991800 -7.1353
992100 -7.1303
992400 -7.1303
992700 -7.1321
993000 -7.135
993300 -7.139
993600 -7.1438
993900 -7.1475
994200 -7.1506
994500 -7.1534
994800 -7.156
995100 -7.1585
995400 -7.161
995700 -7.1636
996000 -7.1663
996300 -7.1692
996600 -7.1723
996900 -7.1757
997200 -7.1793
997500 -7.1834
997800 -7.1878
998100 -7.1926
998400 -7.1978
998700 -7.2035
999000 -7.2096
999300 -7.2162
999600 -7.2232
999900 -7.2307
1000200 -7.2388
1000500 -7.2473
1000800 -7.2563
1001100 -7.2659
1001400 -7.276
1001700 -7.2867
1002000 -7.2978
1002300 -7.3094
1002600 -7.3215
1002900 -7.334
1003200 -7.347
1003500 -7.3605
1003800 -7.3744
1004100 -7.3888
1004400 -7.4035
1004700 -7.4187
1005000 -7.4343
1005300 -7.4502
1005600 -7.4666
1005900 -7.4833
1006200 -7.5003
1006500 -7.5176
1006800 -7.5353
1007100 -7.5532
1007400 -7.5714
1007700 -7.5899
1008000 -7.6087
1008300 -7.6277
1008600 -7.647
1008900 -7.6665
1009200 -7.6862
1009500 -7.7062
1009800 -7.7264
1010100 -7.7468
1010400 -7.7675
1010700 -7.7884
1011000 -7.8095
1011300 -7.8307
1011600 -7.8523
1011900 -7.874
1012200 -7.896
1012500 -7.9181
1012800 -7.9405
1013100 -7.963
1013400 -7.9858
1013700 -8.0087
1014000 -8.0319
1014300 -8.0552
1014600 -8.0788
1014900 -8.1025
1015200 -8.1264
1015500 -8.1506
1015800 -8.1749
1016100 -8.1994
1016400 -8.224
1016700 -8.2489
1017000 -8.2738
1017300 -8.299
1017600 -8.3242
1017900 -8.3496
1018200 -8.3752
1018500 -8.4008
1018800 -8.4266
1019100 -8.4524
1019400 -8.4783
1019700 -8.5043
1020000 -8.5305
1020300 -8.5568
1020600 -8.5832
1020900 -8.6098
1021200 -8.6365
1021500 -8.6634
1021800 -8.6904
1022100 -8.7176
1022400 -8.745
1022700 -8.7726
1023000 -8.8005
1023300 -8.8285
1023600 -8.8566
1023900 -8.885
1024200 -8.9135
1024500 -8.9421
1024800 -8.9709
1025100 -8.9999
1025400 -9.029
1025700 -9.0583
1026000 -9.0877
1026300 -9.1173
1026600 -9.1472
1026900 -9.1772
1027200 -9.2073
1027500 -9.2375
1027800 -9.2678
1028100 -9.2982
1028400 -9.3287
1028700 -9.3593
1029000 -9.3899
1029300 -9.4206
1029600 -9.4513
1029900 -9.482
1030200 -9.5127
1030500 -9.5434
1030800 -9.5742
1031100 -9.6051
1031400 -9.636
1031700 -9.667
1032000 -9.6981
1032300 -9.7292
1032600 -9.7604
1032900 -9.7917
1033200 -9.823
1033500 -9.8543
1033800 -9.8857
1034100 -9.9172
1034400 -9.9487
1034700 -9.9803
1035000 -10.012
1035300 -10.0439
1035600 -10.0758
1035900 -10.1078
1036200 -10.14
1036500 -10.1723
1036800 -10.2047
1037100 -10.2371
1037400 -10.2697
1037700 -10.3024
1038000 -10.3351
1038300 -10.368
1038600 -10.4009
1038900 -10.4339
1039200 -10.4669
1039500 -10.5
1039800 -10.5332
1040100 -10.5664
1040400 -10.5996
1040700 -10.6301
1041000 -10.6581
1041300 -10.6834
1041600 -10.706
1041900 -10.7257
1042200 -10.742
1042500 -10.7548
1042800 -10.7637
1043100 -10.7684
1043400 -10.7684
1043700 -10.7635
1044000 -10.7531
1044300 -10.7395
1044600 -10.7343
1044900 -10.7329
1045200 -10.7322
1045500 -10.7305
1045800 -10.7274
1046100 -10.7223
1046400 -10.7151
1046700 -10.7058
1047000 -10.6941
1047300 -10.6801
1047600 -10.6637
1047900 -10.6448
1048200 -10.6247
1048500 -10.6034
1048800 -10.5809
1049100 -10.5569
1049400 -10.5721
1049700 -10.553
1050000 -10.525
1050300 -10.4936
1050600 -10.4598
1050900 -10.424
1051200 -10.3863
1051500 -10.3481
1051800 -10.3081
1052100 -10.2659
1052400 -10.2216
1052700 -10.1753
1053000 -10.1269
1053300 -10.0764
1053600 -10.024
1053900 -9.9696
1054200 -9.9131
1054500 -9.8548
1054800 -9.7945
1055100 -9.7343
1055400 -9.6731
1055700 -9.6105
1056000 -9.5466
1056300 -9.4812
1056600 -9.4144
1056900 -9.3463
1057200 -9.2769
1057500 -9.2062
1057800 -9.1343
1058100 -9.0612
1058400 -8.987
1058700 -8.9141
1059000 -8.842
1059300 -8.7704
1059600 -8.6993
1059900 -8.6285
1060200 -8.558
1060500 -8.4877
1060800 -8.4176
1061100 -8.3478
1061400 -8.2782
1061700 -8.2089
1062000 -8.1398
1062300 -8.0716
1062600 -8.0035
1062900 -7.9353
1063200 -7.8672
1063500 -7.7992
1063800 -7.7313
1064100 -7.6636
1064400 -7.5961
1064700 -7.5288
1065000 -7.4619
1065300 -7.3953
1065600 -7.3291
1065900 -7.2665
1066200 -7.2068
1066500 -7.1497
1066800 -7.0949
1067100 -7.0421
1067400 -6.9912
1067700 -6.9421
1068000 -6.8946
1068300 -6.8488
1068600 -6.8044
1068900 -6.7615
1069200 -6.72
1069500 -6.6806
1069800 -6.6423
1070100 -6.6051
1070400 -6.5688
1070700 -6.5336
1071000 -6.4993
1071300 -6.4659
1071600 -6.4335
1071900 -6.402
1072200 -6.3713
1072500 -6.3416
1072800 -6.3127
1073100 -6.2877
1073400 -6.2652
1073700 -6.2448
1074000 -6.2264
1074300 -6.2096
1074600 -6.1945
1074900 -6.181
1075200 -6.1689
1075500 -6.1583
1075800 -6.1491
1076100 -6.1412
1076400 -6.1347
1076700 -6.1286
1077000 -6.1236
1077300 -6.1197
1077600 -6.117
1077900 -6.1155
1078200 -6.0938
1078500 -6.0881
1078800 -6.0866
1079100 -6.087
1079400 -6.0886
1079700 -6.0915
1080000 -6.0954
1080300 -6.098
1080600 -6.0994
1080900 -6.1
1081200 -6.1
1081500 -6.0996
1081800 -6.099
1082100 -6.0982
1082400 -6.0974
1082700 -6.0965
1083000 -6.0957
1083300 -6.095
1083600 -6.0945
1083900 -6.0943
1084200 -6.0944
1084500 -6.0947
1084800 -6.0955
1085100 -6.0967
1085400 -6.0982
1085700 -6.1003
1086000 -6.1028
1086300 -6.1058
1086600 -6.1093
1086900 -6.1133
1087200 -6.1179
1087500 -6.123
1087800 -6.1287
1088100 -6.1349
1088400 -6.1417
1088700 -6.149
1089000 -6.1568
1089300 -6.1652
1089600 -6.1741
1089900 -6.1835
1090200 -6.1934
1090500 -6.2038
1090800 -6.2148
1091100 -6.2261
1091400 -6.2378
1091700 -6.2501
1092000 -6.2628
1092300 -6.2759
1092600 -6.2894
1092900 -6.3034
1093200 -6.3178
1093500 -6.3326
1093800 -6.3478
1094100 -6.3635
1094400 -6.3794
1094700 -6.3959
1095000 -6.4128
1095300 -6.4301
1095600 -6.4478
1095900 -6.4657
1096200 -6.4841
1096500 -6.5027
1096800 -6.5217
1097100 -6.541
1097400 -6.5605
1097700 -6.5804
1098000 -6.6006
1098300 -6.6211
1098600 -6.642
1098900 -6.6631
1099200 -6.6845
1099500 -6.7062
1099800 -6.7282
1100100 -6.7505
1100400 -6.773
1100700 -6.7958
1101000 -6.8189
1101300 -6.8423
1101600 -6.8659
1101900 -6.8897
1102200 -6.9138
1102500 -6.938
1102800 -6.9625
1103100 -6.9873
1103400 -7.0123
1103700 -7.0376
1104000 -7.0631
1104300 -7.0888
1104600 -7.1147
1104900 -7.1409
1105200 -7.1673
1105500 -7.1938
1105800 -7.2205
1106100 -7.2475
1106400 -7.2746
1106700 -7.302
1107000 -7.3296
1107300 -7.3574
1107600 -7.3855
1107900 -7.4138
1108200 -7.4423
1108500 -7.471
1108800 -7.5
1109100 -7.5292
1109400 -7.5587
1109700 -7.5883
1110000 -7.6182
1110300 -7.6482
1110600 -7.6784
1110900 -7.7088
1111200 -7.7394
1111500 -7.7701
1111800 -7.801
1112100 -7.8319
1112400 -7.8631
1112700 -7.8944
1113000 -7.9259
1113300 -7.9575
1113600 -7.9892
1113900 -8.0211
1114200 -8.053
1114500 -8.0851
1114800 -8.1173
1115100 -8.1497
1115400 -8.1821
1115700 -8.2147
1116000 -8.2473
1116300 -8.28
1116600 -8.3129
1116900 -8.3458
1117200 -8.3789
1117500 -8.412
1117800 -8.4452
1118100 -8.4786
1118400 -8.512
1118700 -8.5456
1119000 -8.5793
1119300 -8.613
1119600 -8.6469
1119900 -8.6808
1120200 -8.7147
1120500 -8.7488
1120800 -8.783
1121100 -8.8172
1121400 -8.8515
1121700 -8.8859
1122000 -8.9204
1122300 -8.955
1122600 -8.9897
1122900 -9.0244
1123200 -9.0592
1123500 -9.094
1123800 -9.1289
1124100 -9.1638
1124400 -9.1988
1124700 -9.2339
1125000 -9.269
1125300 -9.3041
1125600 -9.3394
1125900 -9.3746
1126200 -9.4099
1126500 -9.4452
1126800 -9.4806
1127100 -9.5134
1127400 -9.544
1127700 -9.5725
1128000 -9.5986
1128300 -9.6222
1128600 -9.6429
1128900 -9.6606
1129200 -9.675
1129500 -9.6857
1129800 -9.6924
1130100 -9.6947
1130400 -9.6923
1130700 -9.6866
1131000 -9.6875
1131300 -9.6909
1131600 -9.6942
1131900 -9.696
1132200 -9.6957
1132500 -9.6931
1132800 -9.688
1133100 -9.6803
1133400 -9.6699
1133700 -9.6568
1134000 -9.6408
1134300 -9.6232
1134600 -9.6045
1134900 -9.5845
1135200 -9.563
1135500 -9.54
1135800 -9.5554
1136100 -9.537
1136400 -9.5097
1136700 -9.4788
1137000 -9.4453
1137300 -9.4096
1137600 -9.3716
1137900 -9.3327
1138200 -9.2928
1138500 -9.2517
1138800 -9.2093
1139100 -9.1657
1139400 -9.1207
1139700 -9.0743
1140000 -9.0265
1140300 -8.9774
1140600 -8.9268
1140900 -8.8749
1141200 -8.8216
1141500 -8.7678
1141800 -8.7131
1142100 -8.6575
1142400 -8.6008
1142700 -8.5432
1143000 -8.4846
1143300 -8.4251
1143600 -8.3648
1143900 -8.3037
1144200 -8.2417
1144500 -8.179
1144800 -8.1156
1145100 -8.0525
1145400 -7.988
1145700 -7.9219
1146000 -7.8543
1146300 -7.7853
1146600 -7.7149
1146900 -7.6433
1147200 -7.5704
1147500 -7.4963
1147800 -7.421
1148100 -7.3447
1148400 -7.2673
1148700 -7.1947
1149000 -7.126
1149300 -7.0606
1149600 -6.998
1149900 -6.9381
1150200 -6.8804
1150500 -6.825
1150800 -6.7716
1151100 -6.7203
1151400 -6.6708
1151700 -6.6231
1152000 -6.5772
1152300 -6.5322
1152600 -6.4871
1152900 -6.4421
1153200 -6.397
1153500 -6.3522
1153800 -6.3075
1154100 -6.263
1154400 -6.2189
1154700 -6.175
1155000 -6.1314
1155300 -6.0882
1155600 -6.0452
1155900 -6.0043
1156200 -5.9648
1156500 -5.9262
1156800 -5.8886
1157100 -5.8519
1157400 -5.816
1157700 -5.7809
1158000 -5.7466
1158300 -5.713
1158600 -5.6802
1158900 -5.6481
1159200 -5.6167
1159500 -5.5911
1159800 -5.5691
1160100 -5.5498
1160400 -5.5329
1160700 -5.5182
1161000 -5.5055
1161300 -5.4947
1161600 -5.4857
1161900 -5.4784
1162200 -5.4728
1162500 -5.4687
1162800 -5.4662
1163100 -5.463
1163400 -5.4599
1163700 -5.4571
1164000 -5.4549
1164300 -5.4532
1164600 -5.4306
1164900 -5.4231
1165200 -5.4194
1165500 -5.417
1165800 -5.4156
1166100 -5.4151
1166400 -5.4153
1166700 -5.4137
1167000 -5.4113
1167300 -5.4083
1167600 -5.405
1167900 -5.4015
1168200 -5.3981
1168500 -5.3947
1168800 -5.3916
1169100 -5.3886
1169400 -5.386
1169700 -5.3838
1170000 -5.382
1170300 -5.3806
1170600 -5.3796
1170900 -5.3792
1171200 -5.3793
1171500 -5.3801
1171800 -5.3814
1172100 -5.3834
1172400 -5.386
1172700 -5.3893
1173000 -5.3932
1173300 -5.3978
1173600 -5.4031
1173900 -5.4091
1174200 -5.4157
1174500 -5.423
1174800 -5.431
1175100 -5.4396
1175400 -5.4488
1175700 -5.4587
1176000 -5.4691
1176300 -5.4802
1176600 -5.4919
1176900 -5.5041
1177200 -5.517
1177500 -5.5305
1177800 -5.5445
1178100 -5.5591
1178400 -5.5742
1178700 -5.5898
1179000 -5.6058
1179300 -5.6224
1179600 -5.6393
1179900 -5.6567
1180200 -5.6745
1180500 -5.6926
1180800 -5.7112
1181100 -5.7301
1181400 -5.7495
1181700 -5.7691
1182000 -5.7892
1182300 -5.8095
1182600 -5.8301
1182900 -5.8511
1183200 -5.8723
1183500 -5.8937
1183800 -5.9155
1184100 -5.9375
1184400 -5.9597
1184700 -5.9822
1185000 -6.0048
1185300 -6.0276
1185600 -6.0506
1185900 -6.0739
1186200 -6.0974
1186500 -6.121
1186800 -6.1449
1187100 -6.169
1187400 -6.1932
1187700 -6.2177
1188000 -6.2423
1188300 -6.267
1188600 -6.2918
1188900 -6.3167
1189200 -6.3419
1189500 -6.3672
1189800 -6.3927
1190100 -6.4184
1190400 -6.4442
1190700 -6.4702
1191000 -6.4964
1191300 -6.5228
1191600 -6.5493
1191900 -6.5761
1192200 -6.6029
1192500 -6.63
1192800 -6.6571
1193100 -6.6845
1193400 -6.712
1193700 -6.7396
1194000 -6.7673
1194300 -6.7952
1194600 -6.8232
1194900 -6.8513
1195200 -6.8796
1195500 -6.908
1195800 -6.9366
1196100 -6.9653
1196400 -6.9941
1196700 -7.023
1197000 -7.0521
1197300 -7.0812
1197600 -7.1105
1197900 -7.1399
1198200 -7.1693
1198500 -7.1989
1198800 -7.2286
1199100 -7.2584
1199400 -7.2883
1199700 -7.3183
1200000 -7.3484
1200300 -7.3786
1200600 -7.4088
1200900 -7.4392
1201200 -7.4696
1201500 -7.5001
1201800 -7.5306
1202100 -7.5612
1202400 -7.5919
1202700 -7.6225
1203000 -7.6532
1203300 -7.6839
1203600 -7.7146
1203900 -7.7454
1204200 -7.7763
1204500 -7.8072
1204800 -7.8381
1205100 -7.869
1205400 -7.9
1205700 -7.931
1206000 -7.9621
1206300 -7.9932
1206600 -8.0243
1206900 -8.0554
1207200 -8.0866
1207500 -8.1178
1207800 -8.149
1208100 -8.1803
1208400 -8.2116
1208700 -8.2429
1209000 -8.2743
1209300 -8.3057
1209600 -8.3371
1209900 -8.3684
1210200 -8.3997
1210500 -8.4311
1210800 -8.4624
1211100 -8.4938
1211400 -8.5252
1211700 -8.5566
1212000 -8.5881
1212300 -8.6195
1212600 -8.651
1212900 -8.6825
1213200 -8.714
1213500 -8.7436
1213800 -8.7719
1214100 -8.7988
1214400 -8.8244
1214700 -8.8485
1215000 -8.8709
1215300 -8.8914
1215600 -8.9099
1215900 -8.9262
1216200 -8.9401
1216500 -8.9513
1216800 -8.9596
1217100 -8.9624
1217400 -8.9674
1217700 -8.9729
1218000 -8.9772
1218300 -8.9797
1218600 -8.98
1218900 -8.9778
1219200 -8.9732
1219500 -8.9659
1219800 -8.9561
1220100 -8.9435
1220400 -8.9281
1220700 -8.9115
1221000 -8.8937
1221300 -8.8747
1221600 -8.8541
1221900 -8.8319
1222200 -8.8342
1222500 -8.8129
1222800 -8.7848
1223100 -8.7535
1223400 -8.7196
1223700 -8.6833
1224000 -8.6447
1224300 -8.6024
1224600 -8.5573
1224900 -8.5094
1225200 -8.4589
1225500 -8.4058
1225800 -8.35
1226100 -8.2916
1226400 -8.2305
1226700 -8.1669
1227000 -8.1007
1227300 -8.0319
1227600 -7.9605
1227900 -7.8958
1228200 -7.8354
1228500 -7.7783
1228800 -7.7239
1229100 -7.6716
1229400 -7.6212
1229700 -7.5726
1230000 -7.5255
1230300 -7.4799
1230600 -7.4356
1230900 -7.3927
1231200 -7.3511
1231500 -7.3046
1231800 -7.252
1232100 -7.1939
1232400 -7.1309
1232700 -7.0636
1233000 -6.9923
1233300 -6.9173
1233600 -6.8389
1233900 -6.7571
1234200 -6.6723
1234500 -6.5846
1234800 -6.4941
1235100 -6.4092
1235400 -6.3298
1235700 -6.2547
1236000 -6.1835
1236300 -6.1156
1236600 -6.0507
1236900 -5.9886
1237200 -5.9292
1237500 -5.8722
1237800 -5.8177
1238100 -5.7655
1238400 -5.7155
1238700 -5.6666
1239000 -5.6177
1239300 -5.5689
1239600 -5.5203
1239900 -5.472
1240200 -5.4242
1240500 -5.3767
1240800 -5.3297
1241100 -5.2831
1241400 -5.2369
1241700 -5.1913
1242000 -5.1461
1242300 -5.1044
1242600 -5.0654
1242900 -5.0288
1243200 -4.9941
1243500 -4.9613
1243800 -4.9303
1244100 -4.9008
1244400 -4.8729
1244700 -4.8464
1245000 -4.8213
1245300 -4.7975
1245600 -4.7751
1245900 -4.7574
1246200 -4.7429
1246500 -4.7311
1246800 -4.7218
1247100 -4.7146
1247400 -4.7095
1247700 -4.7063
1248000 -4.7049
1248300 -4.7052
1248600 -4.7071
1248900 -4.7105
1249200 -4.7154
1249500 -4.7179
1249800 -4.7188
1250100 -4.7188
1250400 -4.718
1250700 -4.7167
1251000 -4.6952
1251300 -4.6871
1251600 -4.6818
1251900 -4.6772
1252200 -4.6729
1252500 -4.6689
1252800 -4.6651
1253100 -4.6604
1253400 -4.6553
1253700 -4.6503
1254000 -4.6453
1254300 -4.6406
1254600 -4.6361
1254900 -4.6319
1255200 -4.6281
1255500 -4.6247
1255800 -4.6218
1256100 -4.6194
1256400 -4.6176
1256700 -4.6161
1257000 -4.6152
1257300 -4.6148
1257600 -4.615
1257900 -4.6157
1258200 -4.617
1258500 -4.6188
1258800 -4.6212
1259100 -4.6242
1259400 -4.6276
1259700 -4.6316
1260000 -4.6361
1260300 -4.641
1260600 -4.6464
1260900 -4.6522
1261200 -4.6585
1261500 -4.6653
1261800 -4.6725
1262100 -4.6802
1262400 -4.6884
1262700 -4.6969
1263000 -4.7059
1263300 -4.7152
1263600 -4.725
1263900 -4.7351
1264200 -4.7455
1264500 -4.7562
1264800 -4.7674
1265100 -4.7788
1265400 -4.7906
1265700 -4.8027
1266000 -4.8151
1266300 -4.8278
1266600 -4.8409
1266900 -4.8542
1267200 -4.8678
1267500 -4.8817
1267800 -4.896
1268100 -4.9105
1268400 -4.9253
1268700 -4.9402
1269000 -4.9554
1269300 -4.9707
1269600 -4.9862
1269900 -5.0019
1270200 -5.0177
1270500 -5.0336
1270800 -5.0496
1271100 -5.0659
1271400 -5.0822
1271700 -5.0987
1272000 -5.1153
1272300 -5.132
1272600 -5.1488
1272900 -5.1658
1273200 -5.1829
1273500 -5.2002
1273800 -5.2176
1274100 -5.2352
1274400 -5.2529
1274700 -5.2708
1275000 -5.2888
1275300 -5.307
1275600 -5.3252
1275900 -5.3436
1276200 -5.3621
1276500 -5.3807
1276800 -5.3993
1277100 -5.4181
1277400 -5.4369
1277700 -5.4558
1278000 -5.4747
1278300 -5.4937
1278600 -5.5127
1278900 -5.5317
1279200 -5.5508
1279500 -5.57
1279800 -5.5893
1280100 -5.6086
1280400 -5.628
1280700 -5.6475
1281000 -5.6671
1281300 -5.6868
1281600 -5.7066
1281900 -5.7264
1282200 -5.7461
1282500 -5.766
1282800 -5.7859
1283100 -5.8059
1283400 -5.8259
1283700 -5.846
1284000 -5.8662
1284300 -5.8864
1284600 -5.9066
1284900 -5.9269
1285200 -5.9472
1285500 -5.9676
1285800 -5.9879
1286100 -6.0082
1286400 -6.0286
1286700 -6.049
1287000 -6.0693
1287300 -6.0897
1287600 -6.1101
1287900 -6.1304
1288200 -6.1508
1288500 -6.1711
1288800 -6.1914
1289100 -6.2117
1289400 -6.232
1289700 -6.2523
1290000 -6.2726
1290300 -6.2929
1290600 -6.3132
1290900 -6.3335
1291200 -6.3538
1291500 -6.3741
1291800 -6.3944
1292100 -6.4147
1292400 -6.435
1292700 -6.4553
1293000 -6.4757
1293300 -6.496
1293600 -6.5163
1293900 -6.5367
1294200 -6.5571
1294500 -6.5774
1294800 -6.5978
1295100 -6.6182
1295400 -6.6386
1295700 -6.659
1296000 -6.6794
1296300 -6.6999
1296600 -6.7204
1296900 -6.7409
1297200 -6.7614
1297500 -6.7819
1297800 -6.8024
1298100 -6.8229
1298400 -6.8433
1298700 -6.8638
1299000 -6.8842
1299300 -6.9045
1299600 -6.9249
1299900 -6.9442
1300200 -6.9631
1300500 -6.9817
1300800 -6.9999
1301100 -7.0178
1301400 -7.0355
1301700 -7.0527
1302000 -7.0697
1302300 -7.0862
1302600 -7.1024
1302900 -7.1181
1303200 -7.1335
1303500 -7.1464
1303800 -7.1581
1304100 -7.169
1304400 -7.179
1304700 -7.1882
1305000 -7.1966
1305300 -7.2042
1305600 -7.2111
1305900 -7.2172
1306200 -7.2225
1306500 -7.227
1306800 -7.2307
1307100 -7.2332
1307400 -7.2346
1307700 -7.2349
1308000 -7.2342
1308300 -7.2325
1308600 -7.2338
1308900 -7.2291
1309200 -7.2223
1309500 -7.214
1309800 -7.2045
1310100 -7.1938
1310400 -7.1819
1310700 -7.1701
1311000 -7.1576
1311300 -7.1441
1311600 -7.1296
1311900 -7.114
1312200 -7.0973
1312500 -7.0794
1312800 -7.0605
1313100 -7.0404
1313400 -7.0192
1313700 -6.9968
1314000 -6.9732
1314300 -6.9486
1314600 -6.9224
1314900 -6.8946
1315200 -6.8653
1315500 -6.8345
1315800 -6.8022
1316100 -6.7683
1316400 -6.733
1316700 -6.6963
1317000 -6.6581
1317300 -6.6184
1317600 -6.5774
1317900 -6.539
1318200 -6.5025
1318500 -6.4673
1318800 -6.4332
1319100 -6.4
1319400 -6.3674
1319700 -6.3354
1320000 -6.3039
1320300 -6.2728
1320600 -6.2422
1320900 -6.2118
1321200 -6.1818
1321500 -6.1523
1321800 -6.1223
1322100 -6.0918
1322400 -6.0606
1322700 -6.029
1323000 -5.997
1323300 -5.9646
1323600 -5.9318
1323900 -5.8988
1324200 -5.8654
1324500 -5.8318
1324800 -5.798
1325100 -5.7653
1325400 -5.7331
1325700 -5.7012
1326000 -5.6696
1326300 -5.6383
1326600 -5.6072
1326900 -5.5763
1327200 -5.5456
1327500 -5.5153
1327800 -5.4851
1328100 -5.4552
1328400 -5.4256
1328700 -5.3975
1329000 -5.3702
1329300 -5.3436
1329600 -5.3176
1329900 -5.2922
1330200 -5.2675
1330500 -5.2433
1330800 -5.2198
1331100 -5.1969
1331400 -5.1746
1331700 -5.153
1332000 -5.1321
1332300 -5.1137
1332600 -5.0964
1332900 -5.0802
1333200 -5.0648
1333500 -5.0503
1333800 -5.0366
1334100 -5.0239
1334400 -5.012
1334700 -5.0011
1335000 -4.9911
1335300 -4.9821
1335600 -4.9741
1335900 -4.9674
1336200 -4.9615
1336500 -4.9565
1336800 -4.9523
1337100 -4.9489
1337400 -4.9209
1337700 -4.9106
1338000 -4.9047
1338300 -4.9006
1338600 -4.8977
1338900 -4.8959
1339200 -4.8952
1339500 -4.8937
1339800 -4.8924
1340100 -4.8916
1340400 -4.8915
1340700 -4.8919
1341000 -4.893
1341300 -4.8948
1341600 -4.8973
1341900 -4.9005
1342200 -4.9044
1342500 -4.909
1342800 -4.9144
1343100 -4.9198
1343400 -4.9258
1343700 -4.9325
1344000 -4.9399
1344300 -4.9479
1344600 -4.9566
1344900 -4.966
1345200 -4.9761
1345500 -4.9867
1345800 -4.9981
1346100 -5.01
1346400 -5.0226
1346700 -5.0354
1347000 -5.0488
1347300 -5.0626
1347600 -5.0771
1347900 -5.092
1348200 -5.1075
1348500 -5.1234
1348800 -5.1399
1349100 -5.1567
1349400 -5.1741
1349700 -5.1918
1350000 -5.21
1350300 -5.2287
1350600 -5.2478
1350900 -5.2673
1351200 -5.2872
1351500 -5.3074
1351800 -5.328
1352100 -5.3489
1352400 -5.3701
1352700 -5.3916
1353000 -5.4135
1353300 -5.4356
1353600 -5.458
1353900 -5.4809
1354200 -5.5041
1354500 -5.5275
1354800 -5.5512
1355100 -5.5752
1355400 -5.5993
1355700 -5.6237
1356000 -5.6483
1356300 -5.673
1356600 -5.6979
1356900 -5.723
1357200 -5.7482
1357500 -5.7736
1357800 -5.7991
1358100 -5.8248
1358400 -5.8506
1358700 -5.8766
1359000 -5.9026
1359300 -5.9289
1359600 -5.9552
1359900 -5.9818
1360200 -6.0084
1360500 -6.0352
1360800 -6.0622
1361100 -6.0892
1361400 -6.1164
1361700 -6.1437
1362000 -6.1711
1362300 -6.1986
1362600 -6.2262
1362900 -6.254
1363200 -6.2818
1363500 -6.3097
1363800 -6.3378
1364100 -6.3659
1364400 -6.394
1364700 -6.4221
1365000 -6.4502
1365300 -6.4783
1365600 -6.5065
1365900 -6.5347
1366200 -6.5629
1366500 -6.5912
1366800 -6.6194
1367100 -6.6477
1367400 -6.6759
1367700 -6.7042
1368000 -6.7324
1368300 -6.7604
1368600 -6.7882
1368900 -6.8161
1369200 -6.8439
1369500 -6.8717
1369800 -6.8996
1370100 -6.9274
1370400 -6.9553
1370700 -6.9832
1371000 -7.0112
1371300 -7.0392
1371600 -7.0673
1371900 -7.0954
1372200 -7.1236
1372500 -7.1518
1372800 -7.18
1373100 -7.2083
1373400 -7.2365
1373700 -7.2647
1374000 -7.2928
1374300 -7.3209
1374600 -7.349
1374900 -7.3769
1375200 -7.4049
1375500 -7.4328
1375800 -7.4606
1376100 -7.4884
1376400 -7.516
1376700 -7.5436
1377000 -7.5712
1377300 -7.5986
1377600 -7.626
1377900 -7.6534
1378200 -7.6806
1378500 -7.7078
1378800 -7.7349
1379100 -7.762
1379400 -7.7891
1379700 -7.8161
1380000 -7.8431
1380300 -7.8701
1380600 -7.897
1380900 -7.9239
1381200 -7.9509
1381500 -7.9778
1381800 -8.0047
1382100 -8.0316
1382400 -8.0586
1382700 -8.0856
1383000 -8.1126
1383300 -8.1397
1383600 -8.1667
1383900 -8.1937
1384200 -8.2207
1384500 -8.2475
1384800 -8.2743
1385100 -8.3011
1385400 -8.3277
1385700 -8.3542
1386000 -8.3805
1386300 -8.4054
1386600 -8.4292
1386900 -8.4518
1387200 -8.4734
1387500 -8.4937
1387800 -8.5128
1388100 -8.5305
1388400 -8.5468
1388700 -8.5614
1389000 -8.5743
1389300 -8.5854
1389600 -8.5944
1389900 -8.5991
1390200 -8.6046
1390500 -8.6099
1390800 -8.614
1391100 -8.6165
1391400 -8.6172
1391700 -8.616
1392000 -8.6129
1392300 -8.6077
1392600 -8.6004
1392900 -8.5911
1393200 -8.5795
1393500 -8.5663
1393800 -8.5518
1394100 -8.5358
1394400 -8.5182
1394700 -8.499
1395000 -8.4943
1395300 -8.4736
1395600 -8.448
1395900 -8.4197
1396200 -8.3891
1396500 -8.3564
1396800 -8.3215
1397100 -8.2873
1397400 -8.2525
1397700 -8.217
1398000 -8.1803
1398300 -8.1426
1398600 -8.1037
1398900 -8.0635
1399200 -8.0221
1399500 -7.9793
1399800 -7.9353
1400100 -7.89
1400400 -7.8434
1400700 -7.7954
1401000 -7.745
1401300 -7.6919
1401600 -7.6365
1401900 -7.5787
1402200 -7.5186
1402500 -7.4563
1402800 -7.3918
1403100 -7.3253
1403400 -7.2567
1403700 -7.1862
1404000 -7.1137
1404300 -7.042
1404600 -6.9704
1404900 -6.8988
1405200 -6.8268
1405500 -6.7545
1405800 -6.6818
1406100 -6.6087
1406400 -6.5352
1406700 -6.4613
1407000 -6.387
1407300 -6.3123
1407600 -6.2373
1407900 -6.1662
1408200 -6.0985
1408500 -6.0338
1408800 -5.9717
1409100 -5.9119
1409400 -5.8543
1409700 -5.7988
1410000 -5.7452
1410300 -5.6935
1410600 -5.6436
1410900 -5.5955
1411200 -5.5491
1411500 -5.5045
1411800 -5.4612
1412100 -5.419
1412400 -5.378
1412700 -5.3382
1413000 -5.2994
1413300 -5.2617
1413600 -5.2251
1413900 -5.1895
1414200 -5.1549
1414500 -5.1213
1414800 -5.0886
1415100 -5.0574
1415400 -5.0272
1415700 -4.9978
1416000 -4.9694
1416300 -4.9417
1416600 -4.9148
1416900 -4.8888
1417200 -4.8636
1417500 -4.8391
1417800 -4.8155
1418100 -4.7926
1418400 -4.7706
1418700 -4.7534
1419000 -4.7395
1419300 -4.7281
1419600 -4.7191
1419900 -4.7121
1420200 -4.7071
1420500 -4.7039
1420800 -4.7025
1421100 -4.7026
1421400 -4.7044
1421700 -4.7076
1422000 -4.7123
1422300 -4.7168
1422600 -4.7211
1422900 -4.7255
1423200 -4.7301
1423500 -4.7349
1423800 -4.7092
1424100 -4.7054
1424400 -4.7066
1424700 -4.7094
1425000 -4.7132
1425300 -4.7177
1425600 -4.7229
1425900 -4.7263
1426200 -4.7291
1426500 -4.7315
1426800 -4.7338
1427100 -4.7361
1427400 -4.7384
1427700 -4.741
1428000 -4.7437
1428300 -4.7467
1428600 -4.7499
1428900 -4.7536
1429200 -4.7576
1429500 -4.762
1429800 -4.7669
1430100 -4.7722
1430400 -4.778
1430700 -4.7843
1431000 -4.7912
1431300 -4.7986
1431600 -4.8066
1431900 -4.8152
1432200 -4.8243
1432500 -4.8341
1432800 -4.8444
1433100 -4.8553
1433400 -4.8667
1433700 -4.8787
1434000 -4.8912
1434300 -4.9042
1434600 -4.9177
1434900 -4.9317
1435200 -4.9461
1435500 -4.9609
1435800 -4.9761
1436100 -4.9917
1436400 -5.0077
1436700 -5.0241
1437000 -5.0409
1437300 -5.058
1437600 -5.0755
1437900 -5.0932
1438200 -5.1113
1438500 -5.1296
1438800 -5.1482
1439100 -5.1671
1439400 -5.1862
1439700 -5.2056
1440000 -5.2252
1440300 -5.2451
1440600 -5.2652
1440900 -5.2855
1441200 -5.306
1441500 -5.3267
1441800 -5.3477
1442100 -5.3688
1442400 -5.3901
1442700 -5.4117
1443000 -5.4334
1443300 -5.4553
1443600 -5.4774
1443900 -5.4996
1444200 -5.522
1444500 -5.5446
1444800 -5.5673
1445100 -5.5902
1445400 -5.6133
1445700 -5.6366
1446000 -5.6601
1446300 -5.6837
1446600 -5.7076
1446900 -5.7316
1447200 -5.7558
1447500 -5.7802
1447800 -5.8049
1448100 -5.8297
1448400 -5.8547
1448700 -5.8798
1449000 -5.9052
1449300 -5.9307
1449600 -5.9564
1449900 -5.9823
1450200 -6.0083
1450500 -6.0345
1450800 -6.0609
1451100 -6.0874
1451400 -6.1141
1451700 -6.1409
1452000 -6.1678
1452300 -6.1949
1452600 -6.2221
1452900 -6.2493
1453200 -6.2767
1453500 -6.3042
1453800 -6.3317
1454100 -6.3593
1454400 -6.387
1454700 -6.4147
1455000 -6.4426
1455300 -6.4705
1455600 -6.4985
1455900 -6.5267
1456200 -6.5549
1456500 -6.5832
1456800 -6.6117
1457100 -6.6402
1457400 -6.669
1457700 -6.6978
1458000 -6.7268
1458300 -6.756
1458600 -6.7854
1458900 -6.8149
1459200 -6.8445
1459500 -6.8743
1459800 -6.9041
1460100 -6.9341
1460400 -6.9642
1460700 -6.9944
1461000 -7.0246
1461300 -7.055
1461600 -7.0854
1461900 -7.1159
1462200 -7.1465
1462500 -7.1772
1462800 -7.2079
1463100 -7.2388
1463400 -7.2696
1463700 -7.3006
1464000 -7.3316
1464300 -7.3627
1464600 -7.3938
1464900 -7.425
1465200 -7.4563
