time_s	temp_c
0.000	-14.278500
300.000	-14.419200
600.000	-14.559900
900.000	-14.700600
1200.000	-14.841200
1500.000	-14.981900
1800.000	-15.122600
2100.000	-15.263300
2400.000	-15.404000
2700.000	-15.544700
3000.000	-15.685400
3300.000	-15.826100
3600.000	-15.966800
3900.000	-16.117700
4200.000	-16.268700
4500.000	-16.419700
4800.000	-16.570700
5100.000	-16.721600
5400.000	-16.872600
5700.000	-17.023600
6000.000	-17.174600
6300.000	-17.325600
6600.000	-17.476500
6900.000	-17.627500
7200.000	-17.778500
7500.000	-17.929500
7800.000	-18.080400
8100.000	-18.231400
8400.000	-18.382400
8700.000	-18.533400
9000.000	-18.684400
9300.000	-18.835300
9600.000	-18.986300
9900.000	-19.137300
10200.000	-19.288300
10500.000	-19.439200
10800.000	-19.590200
11100.000	-19.730900
11400.000	-19.871600
11700.000	-20.012300
12000.000	-20.153000
12300.000	-20.293700
12600.000	-20.434400
12900.000	-20.575000
13200.000	-20.715700
13500.000	-20.856400
13800.000	-20.997100
14100.000	-21.137800
14400.000	-21.278500
14700.000	-21.399300
15000.000	-21.520100
15300.000	-21.640900
15600.000	-21.761700
15900.000	-21.882500
16200.000	-22.003400
16500.000	-22.124200
16800.000	-22.245000
17100.000	-22.365800
17400.000	-22.486600
17700.000	-22.607400
18000.000	-22.728200
18300.000	-22.820900
18600.000	-22.913600
18900.000	-23.006300
19200.000	-23.099000
19500.000	-23.191700
19800.000	-23.284400
20100.000	-23.377100
20400.000	-23.469900
20700.000	-23.562600
21000.000	-23.655300
21300.000	-23.748000
21600.000	-23.840700
21900.000	-23.898900
22200.000	-23.957200
22500.000	-24.015500
22800.000	-24.073800
23100.000	-24.132000
23400.000	-24.190300
23700.000	-24.248600
24000.000	-24.306900
24300.000	-24.365100
24600.000	-24.423400
24900.000	-24.481700
25200.000	-24.540000
25500.000	-24.559800
25800.000	-24.579700
26100.000	-24.599600
26400.000	-24.619500
26700.000	-24.639300
27000.000	-24.659200
27300.000	-24.679100
27600.000	-24.699000
27900.000	-24.718900
28200.000	-24.738700
28500.000	-24.758600
28800.000	-24.778500
29100.000	-24.758600
29400.000	-24.738700
29700.000	-24.718900
30000.000	-24.699000
30300.000	-24.679100
30600.000	-24.659200
30900.000	-24.639300
31200.000	-24.619500
31500.000	-24.599600
31800.000	-24.579700
32100.000	-24.559800
32400.000	-24.540000
32700.000	-24.481700
33000.000	-24.423400
33300.000	-24.365100
33600.000	-24.306900
33900.000	-24.248600
34200.000	-24.190300
34500.000	-24.132000
34800.000	-24.073800
35100.000	-24.015500
35400.000	-23.957200
35700.000	-23.898900
36000.000	-23.840700
36300.000	-23.748000
36600.000	-23.655300
36900.000	-23.562600
37200.000	-23.469900
37500.000	-23.377100
37800.000	-23.284400
38100.000	-23.191700
38400.000	-23.099000
38700.000	-23.006300
39000.000	-22.913600
39300.000	-22.820900
39600.000	-22.728200
39900.000	-22.607400
40200.000	-22.486600
40500.000	-22.365800
40800.000	-22.245000
41100.000	-22.124200
41400.000	-22.003400
41700.000	-21.882500
42000.000	-21.761700
42300.000	-21.640900
42600.000	-21.520100
42900.000	-21.399300
43200.000	-21.278500
43500.000	-21.137800
43800.000	-20.997100
44100.000	-20.856400
44400.000	-20.715700
44700.000	-20.575000
45000.000	-20.434400
45300.000	-20.293700
45600.000	-20.153000
45900.000	-20.012300
46200.000	-19.871600
46500.000	-19.730900
46800.000	-19.590200
47100.000	-19.439200
47400.000	-19.288300
47700.000	-19.137300
48000.000	-18.986300
48300.000	-18.835300
48600.000	-18.684400
48900.000	-18.533400
49200.000	-18.382400
49500.000	-18.231400
49800.000	-18.080400
50100.000	-17.929500
50400.000	-17.778500
50700.000	-17.627500
51000.000	-17.476500
51300.000	-17.325600
51600.000	-17.174600
51900.000	-17.023600
52200.000	-16.872600
52500.000	-16.721600
52800.000	-16.570700
53100.000	-16.419700
53400.000	-16.268700
53700.000	-16.117700
54000.000	-15.966800
54300.000	-15.826100
54600.000	-15.685400
54900.000	-15.544700
55200.000	-15.404000
55500.000	-15.263300
55800.000	-15.122600
56100.000	-14.981900
56400.000	-14.841200
56700.000	-14.700600
57000.000	-14.559900
57300.000	-14.419200
57600.000	-14.278500
57900.000	-14.157700
58200.000	-14.036900
58500.000	-13.916000
58800.000	-13.795200
59100.000	-13.674400
59400.000	-13.553600
59700.000	-13.432800
60000.000	-13.312000
60300.000	-13.191200
60600.000	-13.070400
60900.000	-12.949500
61200.000	-12.828700
61500.000	-12.736000
61800.000	-12.643300
62100.000	-12.550600
62400.000	-12.457900
62700.000	-12.365200
63000.000	-12.272500
63300.000	-12.179800
63600.000	-12.087100
63900.000	-11.994400
64200.000	-11.901700
64500.000	-11.809000
64800.000	-11.716300
65100.000	-11.658000
65400.000	-11.599800
65700.000	-11.541500
66000.000	-11.483200
66300.000	-11.424900
66600.000	-11.366700
66900.000	-11.308400
67200.000	-11.250100
67500.000	-11.191800
67800.000	-11.133600
68100.000	-11.075300
68400.000	-11.017000
68700.000	-10.997100
69000.000	-10.977200
69300.000	-10.957400
69600.000	-10.937500
69900.000	-10.917600
70200.000	-10.897700
70500.000	-10.877900
70800.000	-10.858000
71100.000	-10.838100
71400.000	-10.818200
71700.000	-10.798400
72000.000	-10.778500
72300.000	-10.798400
72600.000	-10.818200
72900.000	-10.838100
73200.000	-10.858000
73500.000	-10.877900
73800.000	-10.897700
74100.000	-10.917600
74400.000	-10.937500
74700.000	-10.957400
75000.000	-10.977200
75300.000	-10.997100
75600.000	-11.017000
75900.000	-11.075300
76200.000	-11.133600
76500.000	-11.191800
76800.000	-11.250100
77100.000	-11.308400
77400.000	-11.366700
77700.000	-11.424900
78000.000	-11.483200
78300.000	-11.541500
78600.000	-11.599800
78900.000	-11.658000
79200.000	-11.716300
79500.000	-11.809000
79800.000	-11.901700
80100.000	-11.994400
80400.000	-12.087100
80700.000	-12.179800
81000.000	-12.272500
81300.000	-12.365200
81600.000	-12.457900
81900.000	-12.550600
82200.000	-12.643300
82500.000	-12.736000
82800.000	-12.828700
